2 1 0 0.5 5.86 0 0 0 0 0 
1 1 0 0.5 5.86 0 2.48808e-11 2.48808e-11 1.18094e-07 0 
1 1 0 0.5 5.86 0 4.97615e-11 4.97615e-11 1.18094e-07 0 
1 1 0 0.5 5.86 0 9.95231e-11 9.95231e-11 1.18094e-07 0 
1 1 0 0.5 5.86 0 1.99046e-10 1.99046e-10 1.18094e-07 0 
1 1 0 0.5 5.86 0 3.98092e-10 3.98092e-10 1.18094e-07 0 
1 1 0 0.5 5.86 0 7.96185e-10 7.96185e-10 1.18094e-07 0 
1 1 0 0.5 5.86 0 1.59237e-09 1.59237e-09 1.18094e-07 0 
1 1 0 0.5 5.86 0 3.18474e-09 3.18474e-09 1.18094e-07 0 
1 1 0 0.5 5.86 0 6.36948e-09 6.36948e-09 1.18094e-07 0 
1 1 0 0.5 5.86 0 1.2739e-08 1.2739e-08 1.18094e-07 0 
1 1 0 0.5 5.86 0 2.54779e-08 2.54779e-08 1.18094e-07 0 
1 1 0 0.5 5.86 0 5.09558e-08 5.09558e-08 1.18094e-07 0 
1 1 0 0.500001 5.86 0 1.01912e-07 1.01912e-07 1.18094e-07 0 
1 1 0 0.500002 5.86 0 2.03823e-07 2.03823e-07 1.18094e-07 0 
1 1 0 0.500003 5.86 0 4.07646e-07 4.07646e-07 1.18094e-07 0 
1 1 0 0.500007 5.86 0 8.15293e-07 8.15293e-07 1.18094e-07 0 
1 1 0 0.500013 5.86 0 1.63059e-06 1.63059e-06 1.18094e-07 0 
1 1 0 0.500026 5.86 0 3.26117e-06 3.26117e-06 1.18094e-07 0 
1 1 0 0.500052 5.86 0 6.52234e-06 6.52234e-06 1.18094e-07 0 
1 1 0 0.500104 5.86 0 1.30447e-05 1.30447e-05 1.18094e-07 0 
1 1 0 0.500208 5.86 0 2.60894e-05 2.60894e-05 1.18094e-07 0 
1 1 0 0.500416 5.86 0 5.21788e-05 5.21788e-05 1.18094e-07 0 
1 1 0 0.500832 5.86 0 0.000104358 0.000104358 1.18094e-07 0 
1 1 0 0.501665 5.86 0 0.000208715 0.000208715 1.18095e-07 0 
1 1 0 0.502657 5.86 0 0.00033312 0.00033312 1.18096e-07 0 
1 1 0 0.503649 5.86 0 0.000457526 0.000457526 1.18099e-07 0 
1 1 0 0.504641 5.86 0 0.000581934 0.000581934 1.18138e-07 0 
1 1 0 0.505634 5.86 0 0.000706357 0.000706357 1.18614e-07 0 
1 1 0 0.506626 5.86 0 0.000830866 0.000830866 1.21211e-07 0 
1 1 0 0.507618 5.86 0 0.000955701 0.000955701 1.29797e-07 0 
1 1 0 0.50861 5.86 0 0.00108138 0.00108138 1.51434e-07 0 
1 1 0 0.509602 5.86 0 0.00120875 0.00120875 2.00035e-07 0 
1 1 0 0.510593 5.86 0 0.00133903 0.00133903 3.08507e-07 0 
1 1 0 0.511584 5.86 0 0.00147384 0.00147384 5.67446e-07 0 
1 1 0 0.512574 5.86 0 0.00161527 0.00161527 1.26185e-06 0 
1 1 0 0.513563 5.86 0 0.00176617 0.00176617 3.425e-06 0 
1 1 0 0.514549 5.86 0 0.00193054 0.00193054 1.14586e-05 0 
1 1 0 0.515532 5.86 0 0.0021145 0.0021145 4.79993e-05 0 
1 1 0 0.51651 5.86 0 0.00232846 0.00232846 0.000259787 0 
1 1 0 0.517476 5.86 0 0.00259324 0.00259324 0.00194992 0 
1 1 0 0.518402 5.86 0 0.00296885 0.00296885 0.0254625 0 
1 1 0 0.519011 5.86 0 0.00365463 0.00365463 0.938246 0 
2 1 0 0.518425 5.86 0 0.00447046 0.00447046 13.6241 0 
2 1 0 0.517567 5.86 0 0.00499062 0.00499062 38.2595 0 
2 1 0 0.516662 5.86 0 0.00542699 0.00542699 68.0876 0 
2 1 0 0.515742 5.86 0 0.00582072 0.00582072 96.2628 0 
2 1 0 0.514813 5.86 0 0.00619224 0.00619224 118.489 0 
2 1 0 0.51388 5.86 0 0.00655074 0.00655074 132.672 0 
2 1 0 0.512943 5.86 0 0.00690194 0.00690194 138.615 0 
2 1 0 0.512006 5.86 0 0.00724976 0.00724976 137.333 0 
2 1 0 0.511068 5.86 0 0.00759719 0.00759719 130.43 0 
2 1 0 0.510131 5.86 0 0.00794665 0.00794665 119.652 0 
2 1 0 0.509196 5.86 0 0.00830027 0.00830027 106.606 0 
2 1 0 0.508263 5.86 0 0.00866003 0.00866003 92.6216 0 
2 1 0 0.507333 5.86 0 0.0090279 0.0090279 78.705 0 
2 1 0 0.506407 5.86 0 0.00940593 0.00940593 65.5527 0 
2 1 0 0.505486 5.86 0 0.00979633 0.00979633 53.5966 0 
2 1 0 0.504572 5.86 0 0.0102016 0.0102016 43.0591 0 
2 1 0 0.503665 5.86 0 0.0106247 0.0106247 34.008 0 
2 1 0 0.502769 5.86 0 0.0110691 0.0110691 26.4046 0 
2 1 0 0.501886 5.86 0 0.0115391 0.0115391 20.1433 0 
2 1 0 0.50102 5.86 0 0.0120403 0.0120403 15.0814 0 
2 1 0 0.500177 5.86 0 0.0125796 0.0125796 11.0614 0 
2 1 0 0.499365 5.86 0 0.0131668 0.0131668 7.92541 0 
2 1 0 0.4986 5.86 0 0.0138146 0.0138146 5.52549 0 
2 1 0 0.497904 5.86 0 0.0145405 0.0145405 3.72909 0 
2 1 0 0.49732 5.86 0 0.015366 0.015366 2.42279 0 
2 1 0 0.496929 5.86 0 0.0162867 0.0162867 1.52995 0 
1 1 0 0.496805 5.86 0 0.0172798 0.0172798 0.956409 0 
1 1 0 0.496983 5.86 0 0.0182651 0.0182651 0.616171 0 
1 1 0 0.497406 5.86 0 0.019172 0.019172 0.420491 0 
1 1 0 0.49799 5.86 0 0.019984 0.019984 0.303974 0 
1 1 0 0.498681 5.86 0 0.0207189 0.0207189 0.229778 0 
1 1 0 0.499435 5.86 0 0.021382 0.021382 0.180428 0 
1 1 0 0.500233 5.86 0 0.0219892 0.0219892 0.145838 0 
1 1 0 0.501062 5.86 0 0.022552 0.022552 0.120577 0 
1 1 0 0.501913 5.86 0 0.0230784 0.0230784 0.10152 0 
1 1 0 0.502782 5.86 0 0.0235745 0.0235745 0.0867592 0 
1 1 0 0.503665 5.86 0 0.0240449 0.0240449 0.075075 0 
1 1 0 0.504559 5.86 0 0.0244934 0.0244934 0.0656555 0 
1 1 0 0.505462 5.86 0 0.0249226 0.0249226 0.0579429 0 
1 1 0 0.506374 5.86 0 0.025335 0.025335 0.0515426 0 
1 1 0 0.507291 5.86 0 0.0257324 0.0257324 0.0461691 0 
1 1 0 0.508215 5.86 0 0.0261165 0.0261165 0.0416112 0 
1 1 0 0.509143 5.86 0 0.0264885 0.0264885 0.03771 0 
1 1 0 0.510076 5.86 0 0.0268495 0.0268495 0.0343437 0 
1 1 0 0.511012 5.86 0 0.0272006 0.0272006 0.0314177 0 
1 1 0 0.511952 5.86 0 0.0275426 0.0275426 0.0288578 0 
1 1 0 0.512895 5.86 0 0.0278762 0.0278762 0.0266047 0 
1 1 0 0.51384 5.86 0 0.028202 0.028202 0.0246108 0 
1 1 0 0.514788 5.86 0 0.0285206 0.0285206 0.0228376 0 
1 1 0 0.515738 5.86 0 0.0288324 0.0288324 0.0212533 0 
1 1 0 0.51669 5.86 0 0.029138 0.029138 0.0198319 0 
1 1 0 0.517644 5.86 0 0.0294377 0.0294377 0.0185515 0 
1 1 0 0.5186 5.86 0 0.0297319 0.0297319 0.017394 0 
1 1 0 0.519557 5.86 0 0.030021 0.030021 0.016344 0 
1 1 0 0.520516 5.86 0 0.0303051 0.0303051 0.0153886 0 
1 1 0 0.521476 5.86 0 0.0305845 0.0305845 0.0145166 0 
1 1 0 0.522438 5.86 0 0.0308596 0.0308596 0.0137185 0 
1 1 0 0.5234 5.86 0 0.0311306 0.0311306 0.0129862 0 
1 1 0 0.524364 5.86 0 0.0313975 0.0313975 0.0123126 0 
1 1 0 0.525329 5.86 0 0.0316607 0.0316607 0.0116915 0 
1 1 0 0.526295 5.86 0 0.0319203 0.0319203 0.0111175 0 
1 1 0 0.527261 5.86 0 0.0321764 0.0321764 0.0105861 0 
1 1 0 0.528229 5.86 0 0.0324293 0.0324293 0.010093 0 
1 1 0 0.529197 5.86 0 0.032679 0.032679 0.00963466 0 
1 1 0 0.530166 5.86 0 0.0329257 0.0329257 0.00920786 0 
1 1 0 0.531136 5.86 0 0.0331695 0.0331695 0.00880974 0 
1 1 0 0.532107 5.86 0 0.0334105 0.0334105 0.00843777 0 
1 1 0 0.533078 5.86 0 0.0336488 0.0336488 0.0080897 0 
1 1 0 0.53405 5.86 0 0.0338845 0.0338845 0.00776352 0 
1 1 0 0.535022 5.86 0 0.0341178 0.0341178 0.00745741 0 
1 1 0 0.535995 5.86 0 0.0343486 0.0343486 0.00716975 0 
1 1 0 0.536969 5.86 0 0.0345772 0.0345772 0.00689908 0 
1 1 0 0.537943 5.86 0 0.0348035 0.0348035 0.00664407 0 
1 1 0 0.538917 5.86 0 0.0350276 0.0350276 0.00640353 0 
1 1 0 0.539892 5.86 0 0.0352496 0.0352496 0.00617638 0 
1 1 0 0.540868 5.86 0 0.0354696 0.0354696 0.00596163 0 
1 1 0 0.541844 5.86 0 0.0356877 0.0356877 0.0057584 0 
1 1 0 0.54282 5.86 0 0.0359038 0.0359038 0.00556587 0 
1 1 0 0.543797 5.86 0 0.0361181 0.0361181 0.00538329 0 
1 1 0 0.544774 5.86 0 0.0363306 0.0363306 0.00520998 0 
1 1 0 0.545752 5.86 0 0.0365414 0.0365414 0.00504533 0 
1 1 0 0.546729 5.86 0 0.0367504 0.0367504 0.00488875 0 
1 1 0 0.547708 5.86 0 0.0369578 0.0369578 0.00473973 0 
1 1 0 0.548686 5.86 0 0.0371636 0.0371636 0.00459779 0 
1 1 0 0.549665 5.86 0 0.0373679 0.0373679 0.00446247 0 
1 1 0 0.550644 5.86 0 0.0375706 0.0375706 0.00433337 0 
1 1 0 0.551624 5.86 0 0.0377718 0.0377718 0.00421011 0 
1 1 0 0.552604 5.86 0 0.0379716 0.0379716 0.00409234 0 
1 1 0 0.553584 5.86 0 0.03817 0.03817 0.00397973 0 
1 1 0 0.554564 5.86 0 0.038367 0.038367 0.00387199 0 
1 1 0 0.555545 5.86 0 0.0385626 0.0385626 0.00376883 0 
1 1 0 0.556526 5.86 0 0.038757 0.038757 0.00367 0 
1 1 0 0.557507 5.86 0 0.0389501 0.0389501 0.00357526 0 
1 1 0 0.558489 5.86 0 0.0391419 0.0391419 0.00348437 0 
1 1 0 0.55947 5.86 0 0.0393325 0.0393325 0.00339714 0 
1 1 0 0.560452 5.86 0 0.0395219 0.0395219 0.00331336 0 
1 1 0 0.561434 5.86 0 0.0397101 0.0397101 0.00323286 0 
1 1 0 0.562417 5.86 0 0.0398972 0.0398972 0.00315546 0 
1 1 0 0.563399 5.86 0 0.0400831 0.0400831 0.003081 0 
1 1 0 0.564382 5.86 0 0.040268 0.040268 0.00300934 0 
1 1 0 0.565365 5.86 0 0.0404518 0.0404518 0.00294033 0 
1 1 0 0.566348 5.86 0 0.0406345 0.0406345 0.00287384 0 
1 1 0 0.567331 5.86 0 0.0408162 0.0408162 0.00280976 0 
1 1 0 0.568315 5.86 0 0.0409969 0.0409969 0.00274796 0 
1 1 0 0.569299 5.86 0 0.0411766 0.0411766 0.00268834 0 
1 1 0 0.570283 5.86 0 0.0413553 0.0413553 0.00263079 0 
1 1 0 0.571267 5.86 0 0.0415331 0.0415331 0.00257521 0 
1 1 0 0.572251 5.86 0 0.0417099 0.0417099 0.00252153 0 
1 1 0 0.573235 5.86 0 0.0418858 0.0418858 0.00246964 0 
1 1 0 0.57422 5.86 0 0.0420609 0.0420609 0.00241948 0 
1 1 0 0.575205 5.86 0 0.042235 0.042235 0.00237095 0 
1 1 0 0.57619 5.86 0 0.0424082 0.0424082 0.002324 0 
1 1 0 0.577175 5.86 0 0.0425806 0.0425806 0.00227855 0 
1 1 0 0.57816 5.86 0 0.0427522 0.0427522 0.00223454 0 
1 1 0 0.579145 5.86 0 0.0429229 0.0429229 0.00219191 0 
1 1 0 0.58013 5.86 0 0.0430928 0.0430928 0.0021506 0 
1 1 0 0.581116 5.86 0 0.0432619 0.0432619 0.00211055 0 
1 1 0 0.582102 5.86 0 0.0434302 0.0434302 0.00207172 0 
1 1 0 0.583088 5.86 0 0.0435978 0.0435978 0.00203405 0 
1 1 0 0.584074 5.86 0 0.0437646 0.0437646 0.00199749 0 
1 1 0 0.58506 5.86 0 0.0439306 0.0439306 0.00196201 0 
1 1 0 0.586046 5.86 0 0.0440959 0.0440959 0.00192756 0 
1 1 0 0.587032 5.86 0 0.0442605 0.0442605 0.0018941 0 
1 1 0 0.588019 5.86 0 0.0444244 0.0444244 0.00186159 0 
1 1 0 0.589005 5.86 0 0.0445876 0.0445876 0.00182999 0 
1 1 0 0.589992 5.86 0 0.04475 0.04475 0.00179928 0 
1 1 0 0.590979 5.86 0 0.0449118 0.0449118 0.00176941 0 
1 1 0 0.591966 5.86 0 0.0450729 0.0450729 0.00174036 0 
1 1 0 0.592953 5.86 0 0.0452334 0.0452334 0.00171209 0 
1 1 0 0.59394 5.86 0 0.0453932 0.0453932 0.00168458 0 
1 1 0 0.594927 5.86 0 0.0455523 0.0455523 0.0016578 0 
1 1 0 0.595915 5.86 0 0.0457109 0.0457109 0.00163173 0 
1 1 0 0.596902 5.86 0 0.0458688 0.0458688 0.00160633 0 
1 1 0 0.59789 5.86 0 0.0460261 0.0460261 0.00158159 0 
1 1 0 0.598877 5.86 0 0.0461827 0.0461827 0.00155748 0 
1 1 0 0.599865 5.86 0 0.0463388 0.0463388 0.00153398 0 
1 1 0 0.600853 5.86 0 0.0464943 0.0464943 0.00151107 0 
1 1 0 0.601841 5.86 0 0.0466492 0.0466492 0.00148873 0 
1 1 0 0.602829 5.86 0 0.0468035 0.0468035 0.00146694 0 
1 1 0 0.603817 5.86 0 0.0469573 0.0469573 0.00144568 0 
1 1 0 0.604805 5.86 0 0.0471104 0.0471104 0.00142494 0 
1 1 0 0.605794 5.86 0 0.0472631 0.0472631 0.00140469 0 
1 1 0 0.606782 5.86 0 0.0474152 0.0474152 0.00138492 0 
1 1 0 0.60777 5.86 0 0.0475667 0.0475667 0.00136562 0 
1 1 0 0.608759 5.86 0 0.0477178 0.0477178 0.00134678 0 
1 1 0 0.609747 5.86 0 0.0478682 0.0478682 0.00132836 0 
1 1 0 0.610736 5.86 0 0.0480182 0.0480182 0.00131037 0 
1 1 0 0.611725 5.86 0 0.0481677 0.0481677 0.0012928 0 
1 1 0 0.612714 5.86 0 0.0483166 0.0483166 0.00127561 0 
1 1 0 0.613703 5.86 0 0.0484651 0.0484651 0.00125882 0 
1 1 0 0.614692 5.86 0 0.048613 0.048613 0.00124239 0 
1 1 0 0.615681 5.86 0 0.0487605 0.0487605 0.00122633 0 
1 1 0 0.61667 5.86 0 0.0489075 0.0489075 0.00121062 0 
1 1 0 0.617659 5.86 0 0.049054 0.049054 0.00119525 0 
1 1 0 0.618648 5.86 0 0.0492 0.0492 0.00118021 0 
1 1 0 0.619638 5.86 0 0.0493456 0.0493456 0.00116549 0 
1 1 0 0.620627 5.86 0 0.0494907 0.0494907 0.00115108 0 
2 1 0 0.620627 5.86 0 0.0494907 0.0494907 0.00115108 0 
1 1 0 0.620627 5.86 0 0.0494907 0.0494907 0.00115108 0 
1 1 0 0.620627 5.86 0 0.0494907 0.0494907 0.00115108 0 
1 1 0 0.620627 5.86 0 0.0494907 0.0494907 0.00115108 0 
1 1 0 0.620627 5.86 0 0.0494907 0.0494907 0.00115108 0 
1 1 0 0.620627 5.86 0 0.0494907 0.0494907 0.00115108 0 
1 1 0 0.620627 5.86 0 0.0494907 0.0494907 0.00115108 0 
1 1 0 0.620627 5.86 0 0.0494907 0.0494907 0.00115108 0 
1 1 0 0.620627 5.86 0 0.0494907 0.0494907 0.00115108 0 
1 1 0 0.620627 5.86 0 0.0494907 0.0494907 0.00115108 0 
1 1 0 0.620627 5.86 0 0.0494907 0.0494907 0.00115108 0 
1 1 0 0.620627 5.86 0 0.0494907 0.0494907 0.00115108 0 
1 1 0 0.620628 5.86 0 0.0494907 0.0494907 0.00115108 0 
1 1 0 0.620628 5.86 0 0.0494908 0.0494908 0.00115107 0 
1 1 0 0.620629 5.86 0 0.0494909 0.0494909 0.00115106 0 
1 1 0 0.62063 5.86 0 0.0494911 0.0494911 0.00115104 0 
1 1 0 0.620634 5.86 0 0.0494916 0.0494916 0.00115099 0 
1 1 0 0.62064 5.86 0 0.0494926 0.0494926 0.0011509 0 
1 1 0 0.620653 5.86 0 0.0494945 0.0494945 0.00115071 0 
1 1 0 0.620679 5.86 0 0.0494983 0.0494983 0.00115034 0 
1 1 0 0.620731 5.86 0 0.0495059 0.0495059 0.00114959 0 
1 1 0 0.620835 5.86 0 0.049521 0.049521 0.0011481 0 
1 1 0 0.621042 5.86 0 0.0495514 0.0495514 0.00114513 0 
1 1 0 0.621457 5.86 0 0.049612 0.049612 0.00113923 0 
1 1 0 0.622287 5.86 0 0.0497331 0.0497331 0.00112759 0 
1 1 0 0.623277 5.86 0 0.049877 0.049877 0.00111397 0 
1 1 0 0.624267 5.86 0 0.0500204 0.0500204 0.00110064 0 
1 1 0 0.625256 5.86 0 0.0501634 0.0501634 0.00108757 0 
1 1 0 0.626246 5.86 0 0.050306 0.050306 0.00107478 0 
1 1 0 0.627236 5.86 0 0.0504481 0.0504481 0.00106224 0 
1 1 0 0.628226 5.86 0 0.0505899 0.0505899 0.00104994 0 
1 1 0 0.629216 5.86 0 0.0507312 0.0507312 0.0010379 0 
1 1 0 0.630206 5.86 0 0.050872 0.050872 0.00102609 0 
1 1 0 0.631196 5.86 0 0.0510125 0.0510125 0.00101451 0 
1 1 0 0.632186 5.86 0 0.0511526 0.0511526 0.00100315 0 
1 1 0 0.633176 5.86 0 0.0512922 0.0512922 0.000992017 0 
1 1 0 0.634166 5.86 0 0.0514315 0.0514315 0.000981094 0 
1 1 0 0.635157 5.86 0 0.0515704 0.0515704 0.000970377 0 
1 1 0 0.636147 5.86 0 0.0517088 0.0517088 0.000959863 0 
1 1 0 0.637138 5.86 0 0.0518469 0.0518469 0.000949545 0 
1 1 0 0.638128 5.86 0 0.0519846 0.0519846 0.000939418 0 
1 1 0 0.639119 5.86 0 0.052122 0.052122 0.000929479 0 
1 1 0 0.640109 5.86 0 0.0522589 0.0522589 0.000919722 0 
1 1 0 0.6411 5.86 0 0.0523955 0.0523955 0.000910142 0 
1 1 0 0.64209 5.86 0 0.0525317 0.0525317 0.000900735 0 
1 1 0 0.643081 5.86 0 0.0526676 0.0526676 0.000891497 0 
1 1 0 0.644072 5.86 0 0.0528031 0.0528031 0.000882423 0 
1 1 0 0.645063 5.86 0 0.0529382 0.0529382 0.00087351 0 
1 1 0 0.646054 5.86 0 0.053073 0.053073 0.000864754 0 
1 1 0 0.647045 5.86 0 0.0532074 0.0532074 0.000856151 0 
1 1 0 0.648036 5.86 0 0.0533414 0.0533414 0.000847697 0 
1 1 0 0.649027 5.86 0 0.0534752 0.0534752 0.000839389 0 
1 1 0 0.650018 5.86 0 0.0536086 0.0536086 0.000831223 0 
1 1 0 0.651009 5.86 0 0.0537416 0.0537416 0.000823196 0 
1 1 0 0.652 5.86 0 0.0538743 0.0538743 0.000815304 0 
1 1 0 0.652991 5.86 0 0.0540067 0.0540067 0.000807546 0 
1 1 0 0.653982 5.86 0 0.0541388 0.0541388 0.000799916 0 
1 1 0 0.654974 5.86 0 0.0542705 0.0542705 0.000792414 0 
1 1 0 0.655965 5.86 0 0.0544019 0.0544019 0.000785034 0 
1 1 0 0.656956 5.86 0 0.054533 0.054533 0.000777776 0 
1 1 0 0.657948 5.86 0 0.0546637 0.0546637 0.000770636 0 
1 1 0 0.658939 5.86 0 0.0547942 0.0547942 0.000763611 0 
1 1 0 0.659931 5.86 0 0.0549243 0.0549243 0.000756699 0 
1 1 0 0.660922 5.86 0 0.0550541 0.0550541 0.000749898 0 
1 1 0 0.661914 5.86 0 0.0551836 0.0551836 0.000743204 0 
1 1 0 0.662905 5.86 0 0.0553128 0.0553128 0.000736616 0 
1 1 0 0.663897 5.86 0 0.0554417 0.0554417 0.000730132 0 
1 1 0 0.664889 5.86 0 0.0555703 0.0555703 0.000723748 0 
1 1 0 0.665881 5.86 0 0.0556986 0.0556986 0.000717464 0 
1 1 0 0.666872 5.86 0 0.0558267 0.0558267 0.000711276 0 
1 1 0 0.667864 5.86 0 0.0559544 0.0559544 0.000705183 0 
1 1 0 0.668856 5.86 0 0.0560818 0.0560818 0.000699183 0 
1 1 0 0.669848 5.86 0 0.0562089 0.0562089 0.000693273 0 
1 1 0 0.67084 5.86 0 0.0563358 0.0563358 0.000687453 0 
1 1 0 0.671832 5.86 0 0.0564624 0.0564624 0.000681719 0 
1 1 0 0.672824 5.86 0 0.0565887 0.0565887 0.000676071 0 
1 1 0 0.673816 5.86 0 0.0567147 0.0567147 0.000670506 0 
1 1 0 0.674808 5.86 0 0.0568404 0.0568404 0.000665023 0 
1 1 0 0.6758 5.86 0 0.0569659 0.0569659 0.000659621 0 
1 1 0 0.676792 5.86 0 0.057091 0.057091 0.000654296 0 
1 1 0 0.677784 5.86 0 0.057216 0.057216 0.000649049 0 
1 1 0 0.678776 5.86 0 0.0573406 0.0573406 0.000643877 0 
1 1 0 0.679769 5.86 0 0.057465 0.057465 0.000638779 0 
1 1 0 0.680761 5.86 0 0.0575891 0.0575891 0.000633754 0 
1 1 0 0.681753 5.86 0 0.057713 0.057713 0.000628799 0 
1 1 0 0.682746 5.86 0 0.0578366 0.0578366 0.000623914 0 
1 1 0 0.683738 5.86 0 0.0579599 0.0579599 0.000619098 0 
1 1 0 0.68473 5.86 0 0.058083 0.058083 0.000614348 0 
1 1 0 0.685723 5.86 0 0.0582058 0.0582058 0.000609664 0 
1 1 0 0.686715 5.86 0 0.0583284 0.0583284 0.000605045 0 
1 1 0 0.687708 5.86 0 0.0584507 0.0584507 0.000600488 0 
1 1 0 0.6887 5.86 0 0.0585728 0.0585728 0.000595994 0 
1 1 0 0.689693 5.86 0 0.0586946 0.0586946 0.00059156 0 
1 1 0 0.690685 5.86 0 0.0588162 0.0588162 0.000587186 0 
1 1 0 0.691678 5.86 0 0.0589375 0.0589375 0.000582871 0 
1 1 0 0.692671 5.86 0 0.0590586 0.0590586 0.000578613 0 
1 1 0 0.693663 5.86 0 0.0591794 0.0591794 0.000574412 0 
1 1 0 0.694656 5.86 0 0.0593001 0.0593001 0.000570266 0 
1 1 0 0.695649 5.86 0 0.0594204 0.0594204 0.000566174 0 
1 1 0 0.696641 5.86 0 0.0595406 0.0595406 0.000562136 0 
1 1 0 0.697634 5.86 0 0.0596605 0.0596605 0.00055815 0 
1 1 0 0.698627 5.86 0 0.0597801 0.0597801 0.000554216 0 
1 1 0 0.69962 5.86 0 0.0598996 0.0598996 0.000550332 0 
1 1 0 0.700613 5.86 0 0.0600188 0.0600188 0.000546498 0 
1 1 0 0.701606 5.86 0 0.0601378 0.0601378 0.000542712 0 
1 1 0 0.702599 5.86 0 0.0602565 0.0602565 0.000538975 0 
1 1 0 0.703592 5.86 0 0.0603751 0.0603751 0.000535284 0 
1 1 0 0.704585 5.86 0 0.0604934 0.0604934 0.00053164 0 
1 1 0 0.705578 5.86 0 0.0606115 0.0606115 0.000528041 0 
1 1 0 0.706571 5.86 0 0.0607294 0.0607294 0.000524487 0 
1 1 0 0.707564 5.86 0 0.060847 0.060847 0.000520976 0 
1 1 0 0.708557 5.86 0 0.0609644 0.0609644 0.000517509 0 
1 1 0 0.70955 5.86 0 0.0610817 0.0610817 0.000514084 0 
1 1 0 0.710543 5.86 0 0.0611987 0.0611987 0.000510701 0 
1 1 0 0.711536 5.86 0 0.0613155 0.0613155 0.000507359 0 
1 1 0 0.712529 5.86 0 0.061432 0.061432 0.000504057 0 
1 1 0 0.713522 5.86 0 0.0615484 0.0615484 0.000500794 0 
1 1 0 0.714516 5.86 0 0.0616646 0.0616646 0.000497571 0 
1 1 0 0.715509 5.86 0 0.0617805 0.0617805 0.000494386 0 
1 1 0 0.716502 5.86 0 0.0618963 0.0618963 0.000491238 0 
1 1 0 0.717496 5.86 0 0.0620118 0.0620118 0.000488127 0 
1 1 0 0.718489 5.86 0 0.0621271 0.0621271 0.000485053 0 
1 1 0 0.719482 5.86 0 0.0622423 0.0622423 0.000482015 0 
1 1 0 0.720476 5.86 0 0.0623572 0.0623572 0.000479012 0 
1 1 0 0.721469 5.86 0 0.0624719 0.0624719 0.000476043 0 
1 1 0 0.722462 5.86 0 0.0625865 0.0625865 0.000473109 0 
1 1 0 0.723456 5.86 0 0.0627008 0.0627008 0.000470208 0 
1 1 0 0.724449 5.86 0 0.0628149 0.0628149 0.00046734 0 
1 1 0 0.725443 5.86 0 0.0629289 0.0629289 0.000464505 0 
1 1 0 0.726436 5.86 0 0.0630426 0.0630426 0.000461702 0 
1 1 0 0.72743 5.86 0 0.0631562 0.0631562 0.00045893 0 
1 1 0 0.728423 5.86 0 0.0632696 0.0632696 0.000456189 0 
1 1 0 0.729417 5.86 0 0.0633827 0.0633827 0.000453479 0 
1 1 0 0.730411 5.86 0 0.0634957 0.0634957 0.000450798 0 
1 1 0 0.731404 5.86 0 0.0636085 0.0636085 0.000448148 0 
1 1 0 0.732398 5.86 0 0.0637211 0.0637211 0.000445526 0 
1 1 0 0.733391 5.86 0 0.0638335 0.0638335 0.000442933 0 
1 1 0 0.734385 5.86 0 0.0639458 0.0639458 0.000440368 0 
1 1 0 0.735379 5.86 0 0.0640578 0.0640578 0.000437831 0 
1 1 0 0.736373 5.86 0 0.0641697 0.0641697 0.000435322 0 
1 1 0 0.737366 5.86 0 0.0642814 0.0642814 0.000432839 0 
1 1 0 0.73836 5.86 0 0.0643929 0.0643929 0.000430383 0 
1 1 0 0.739354 5.86 0 0.0645042 0.0645042 0.000427953 0 
1 1 0 0.740348 5.86 0 0.0646154 0.0646154 0.000425549 0 
1 1 0 0.741342 5.86 0 0.0647263 0.0647263 0.00042317 0 
1 1 0 0.742335 5.86 0 0.0648371 0.0648371 0.000420816 0 
1 1 0 0.743329 5.86 0 0.0649478 0.0649478 0.000418487 0 
1 1 0 0.744323 5.86 0 0.0650582 0.0650582 0.000416182 0 
1 1 0 0.745317 5.86 0 0.0651685 0.0651685 0.000413901 0 
1 1 0 0.746311 5.86 0 0.0652786 0.0652786 0.000411643 0 
1 1 0 0.747305 5.86 0 0.0653885 0.0653885 0.000409409 0 
1 1 0 0.748299 5.86 0 0.0654982 0.0654982 0.000407198 0 
1 1 0 0.749293 5.86 0 0.0656078 0.0656078 0.000405009 0 
1 1 0 0.750287 5.86 0 0.0657172 0.0657172 0.000402843 0 
1 1 0 0.751281 5.86 0 0.0658265 0.0658265 0.000400698 0 
1 1 0 0.752275 5.86 0 0.0659356 0.0659356 0.000398575 0 
1 1 0 0.753269 5.86 0 0.0660445 0.0660445 0.000396473 0 
1 1 0 0.754263 5.86 0 0.0661532 0.0661532 0.000394393 0 
1 1 0 0.755257 5.86 0 0.0662618 0.0662618 0.000392333 0 
1 1 0 0.756251 5.86 0 0.0663702 0.0663702 0.000390293 0 
1 1 0 0.757245 5.86 0 0.0664785 0.0664785 0.000388274 0 
1 1 0 0.758239 5.86 0 0.0665865 0.0665865 0.000386274 0 
1 1 0 0.759234 5.86 0 0.0666945 0.0666945 0.000384294 0 
1 1 0 0.760228 5.86 0 0.0668022 0.0668022 0.000382333 0 
1 1 0 0.761222 5.86 0 0.0669098 0.0669098 0.000380392 0 
1 1 0 0.762216 5.86 0 0.0670173 0.0670173 0.000378469 0 
1 1 0 0.76321 5.86 0 0.0671246 0.0671246 0.000376565 0 
1 1 0 0.764205 5.86 0 0.0672317 0.0672317 0.000374679 0 
1 1 0 0.765199 5.86 0 0.0673387 0.0673387 0.000372811 0 
1 1 0 0.766193 5.86 0 0.0674455 0.0674455 0.00037096 0 
1 1 0 0.767187 5.86 0 0.0675522 0.0675522 0.000369128 0 
1 1 0 0.768182 5.86 0 0.0676587 0.0676587 0.000367312 0 
1 1 0 0.769176 5.86 0 0.0677651 0.0677651 0.000365514 0 
1 1 0 0.77017 5.86 0 0.0678713 0.0678713 0.000363733 0 
1 1 0 0.771165 5.86 0 0.0679773 0.0679773 0.000361968 0 
1 1 0 0.772159 5.86 0 0.0680832 0.0680832 0.000360219 0 
1 1 0 0.773154 5.86 0 0.068189 0.068189 0.000358487 0 
1 1 0 0.774148 5.86 0 0.0682946 0.0682946 0.000356771 0 
1 1 0 0.775142 5.86 0 0.0684 0.0684 0.000355071 0 
1 1 0 0.776137 5.86 0 0.0685053 0.0685053 0.000353386 0 
1 1 0 0.777131 5.86 0 0.0686105 0.0686105 0.000351716 0 
1 1 0 0.778126 5.86 0 0.0687155 0.0687155 0.000350062 0 
1 1 0 0.77912 5.86 0 0.0688204 0.0688204 0.000348423 0 
1 1 0 0.780115 5.86 0 0.0689251 0.0689251 0.000346798 0 
1 1 0 0.781109 5.86 0 0.0690297 0.0690297 0.000345188 0 
1 1 0 0.782104 5.86 0 0.0691341 0.0691341 0.000343593 0 
1 1 0 0.783098 5.86 0 0.0692384 0.0692384 0.000342011 0 
1 1 0 0.784093 5.86 0 0.0693425 0.0693425 0.000340444 0 
1 1 0 0.785088 5.86 0 0.0694465 0.0694465 0.000338891 0 
1 1 0 0.786082 5.86 0 0.0695504 0.0695504 0.000337351 0 
1 1 0 0.787077 5.86 0 0.0696541 0.0696541 0.000335825 0 
1 1 0 0.788071 5.86 0 0.0697577 0.0697577 0.000334312 0 
1 1 0 0.789066 5.86 0 0.0698612 0.0698612 0.000332813 0 
1 1 0 0.790061 5.86 0 0.0699645 0.0699645 0.000331326 0 
1 1 0 0.791055 5.86 0 0.0700676 0.0700676 0.000329853 0 
1 1 0 0.79205 5.86 0 0.0701707 0.0701707 0.000328392 0 
1 1 0 0.793045 5.86 0 0.0702735 0.0702735 0.000326944 0 
1 1 0 0.794039 5.86 0 0.0703763 0.0703763 0.000325508 0 
1 1 0 0.795034 5.86 0 0.0704789 0.0704789 0.000324084 0 
1 1 0 0.796029 5.86 0 0.0705814 0.0705814 0.000322672 0 
2 1 0 0.796029 5.86 0 0.0705814 0.0705814 0.000322672 0 
1 1 0 0.796029 5.86 0 0.0705814 0.0705814 0.000322672 0 
1 1 0 0.796029 5.86 0 0.0705814 0.0705814 0.000322672 0 
1 1 0 0.796029 5.86 0 0.0705814 0.0705814 0.000322672 0 
1 1 0 0.796029 5.86 0 0.0705814 0.0705814 0.000322672 0 
1 1 0 0.796029 5.86 0 0.0705814 0.0705814 0.000322672 0 
1 1 0 0.796029 5.86 0 0.0705814 0.0705814 0.000322672 0 
1 1 0 0.796029 5.86 0 0.0705814 0.0705814 0.000322672 0 
1 1 0 0.796029 5.86 0 0.0705814 0.0705814 0.000322672 0 
1 1 0 0.796029 5.86 0 0.0705814 0.0705814 0.000322672 0 
1 1 0 0.796029 5.86 0 0.0705814 0.0705814 0.000322672 0 
1 1 0 0.796029 5.86 0 0.0705814 0.0705814 0.000322672 0 
1 1 0 0.796029 5.86 0 0.0705815 0.0705815 0.000322672 0 
1 1 0 0.79603 5.86 0 0.0705815 0.0705815 0.000322671 0 
1 1 0 0.79603 5.86 0 0.0705816 0.0705816 0.00032267 0 
1 1 0 0.796032 5.86 0 0.0705817 0.0705817 0.000322668 0 
1 1 0 0.796035 5.86 0 0.0705821 0.0705821 0.000322663 0 
1 1 0 0.796042 5.86 0 0.0705828 0.0705828 0.000322654 0 
1 1 0 0.796055 5.86 0 0.0705841 0.0705841 0.000322636 0 
1 1 0 0.796081 5.86 0 0.0705868 0.0705868 0.000322599 0 
1 1 0 0.796133 5.86 0 0.0705922 0.0705922 0.000322525 0 
1 1 0 0.796237 5.86 0 0.0706029 0.0706029 0.000322378 0 
1 1 0 0.796446 5.86 0 0.0706244 0.0706244 0.000322084 0 
1 1 0 0.796863 5.86 0 0.0706673 0.0706673 0.000321498 0 
1 1 0 0.797698 5.86 0 0.0707531 0.0707531 0.000320331 0 
1 1 0 0.798693 5.86 0 0.0708552 0.0708552 0.000318951 0 
1 1 0 0.799687 5.86 0 0.0709572 0.0709572 0.000317583 0 
1 1 0 0.800682 5.86 0 0.071059 0.071059 0.000316226 0 
1 1 0 0.801677 5.86 0 0.0711608 0.0711608 0.000314881 0 
1 1 0 0.802672 5.86 0 0.0712624 0.0712624 0.000313546 0 
1 1 0 0.803667 5.86 0 0.0713639 0.0713639 0.000312223 0 
1 1 0 0.804661 5.86 0 0.0714652 0.0714652 0.000310911 0 
1 1 0 0.805656 5.86 0 0.0715664 0.0715664 0.000309609 0 
1 1 0 0.806651 5.86 0 0.0716675 0.0716675 0.000308318 0 
1 1 0 0.807646 5.86 0 0.0717685 0.0717685 0.000307038 0 
1 1 0 0.808641 5.86 0 0.0718693 0.0718693 0.000305768 0 
1 1 0 0.809636 5.86 0 0.07197 0.07197 0.000304508 0 
1 1 0 0.810631 5.86 0 0.0720706 0.0720706 0.000303259 0 
1 1 0 0.811626 5.86 0 0.072171 0.072171 0.000302019 0 
1 1 0 0.812621 5.86 0 0.0722713 0.0722713 0.00030079 0 
1 1 0 0.813616 5.86 0 0.0723715 0.0723715 0.00029957 0 
1 1 0 0.814611 5.86 0 0.0724716 0.0724716 0.00029836 0 
1 1 0 0.815606 5.86 0 0.0725716 0.0725716 0.00029716 0 
1 1 0 0.816601 5.86 0 0.0726714 0.0726714 0.000295969 0 
1 1 0 0.817596 5.86 0 0.0727711 0.0727711 0.000294788 0 
1 1 0 0.818591 5.86 0 0.0728707 0.0728707 0.000293616 0 
1 1 0 0.819586 5.86 0 0.0729702 0.0729702 0.000292453 0 
1 1 0 0.820581 5.86 0 0.0730695 0.0730695 0.000291299 0 
1 1 0 0.821576 5.86 0 0.0731687 0.0731687 0.000290154 0 
1 1 0 0.822571 5.86 0 0.0732678 0.0732678 0.000289018 0 
1 1 0 0.823566 5.86 0 0.0733668 0.0733668 0.000287891 0 
1 1 0 0.824561 5.86 0 0.0734657 0.0734657 0.000286773 0 
1 1 0 0.825556 5.86 0 0.0735644 0.0735644 0.000285663 0 
1 1 0 0.826551 5.86 0 0.073663 0.073663 0.000284561 0 
1 1 0 0.827546 5.86 0 0.0737615 0.0737615 0.000283468 0 
1 1 0 0.828542 5.86 0 0.0738599 0.0738599 0.000282384 0 
1 1 0 0.829537 5.86 0 0.0739582 0.0739582 0.000281307 0 
1 1 0 0.830532 5.86 0 0.0740564 0.0740564 0.000280239 0 
1 1 0 0.831527 5.86 0 0.0741544 0.0741544 0.000279179 0 
1 1 0 0.832522 5.86 0 0.0742524 0.0742524 0.000278126 0 
1 1 0 0.833518 5.86 0 0.0743502 0.0743502 0.000277082 0 
1 1 0 0.834513 5.86 0 0.0744479 0.0744479 0.000276045 0 
1 1 0 0.835508 5.86 0 0.0745455 0.0745455 0.000275016 0 
1 1 0 0.836503 5.86 0 0.0746429 0.0746429 0.000273995 0 
1 1 0 0.837498 5.86 0 0.0747403 0.0747403 0.000272981 0 
1 1 0 0.838494 5.86 0 0.0748375 0.0748375 0.000271975 0 
1 1 0 0.839489 5.86 0 0.0749347 0.0749347 0.000270976 0 
1 1 0 0.840484 5.86 0 0.0750317 0.0750317 0.000269985 0 
1 1 0 0.84148 5.86 0 0.0751286 0.0751286 0.000269 0 
1 1 0 0.842475 5.86 0 0.0752254 0.0752254 0.000268023 0 
1 1 0 0.84347 5.86 0 0.0753221 0.0753221 0.000267053 0 
1 1 0 0.844466 5.86 0 0.0754187 0.0754187 0.00026609 0 
1 1 0 0.845461 5.86 0 0.0755152 0.0755152 0.000265134 0 
1 1 0 0.846456 5.86 0 0.0756115 0.0756115 0.000264184 0 
1 1 0 0.847452 5.86 0 0.0757078 0.0757078 0.000263242 0 
1 1 0 0.848447 5.86 0 0.0758039 0.0758039 0.000262306 0 
1 1 0 0.849442 5.86 0 0.0759 0.0759 0.000261377 0 
1 1 0 0.850438 5.86 0 0.0759959 0.0759959 0.000260455 0 
1 1 0 0.851433 5.86 0 0.0760917 0.0760917 0.000259539 0 
1 1 0 0.852429 5.86 0 0.0761874 0.0761874 0.000258629 0 
1 1 0 0.853424 5.86 0 0.0762831 0.0762831 0.000257726 0 
1 1 0 0.854419 5.86 0 0.0763786 0.0763786 0.000256829 0 
1 1 0 0.855415 5.86 0 0.076474 0.076474 0.000255939 0 
1 1 0 0.85641 5.86 0 0.0765693 0.0765693 0.000255055 0 
1 1 0 0.857406 5.86 0 0.0766644 0.0766644 0.000254176 0 
1 1 0 0.858401 5.86 0 0.0767595 0.0767595 0.000253304 0 
1 1 0 0.859397 5.86 0 0.0768545 0.0768545 0.000252438 0 
1 1 0 0.860392 5.86 0 0.0769494 0.0769494 0.000251578 0 
1 1 0 0.861388 5.86 0 0.0770442 0.0770442 0.000250724 0 
1 1 0 0.862383 5.86 0 0.0771389 0.0771389 0.000249876 0 
1 1 0 0.863379 5.86 0 0.0772334 0.0772334 0.000249033 0 
1 1 0 0.864374 5.86 0 0.0773279 0.0773279 0.000248196 0 
1 1 0 0.86537 5.86 0 0.0774223 0.0774223 0.000247365 0 
1 1 0 0.866365 5.86 0 0.0775165 0.0775165 0.00024654 0 
1 1 0 0.867361 5.86 0 0.0776107 0.0776107 0.00024572 0 
1 1 0 0.868356 5.86 0 0.0777048 0.0777048 0.000244905 0 
1 1 0 0.869352 5.86 0 0.0777987 0.0777987 0.000244096 0 
1 1 0 0.870348 5.86 0 0.0778926 0.0778926 0.000243293 0 
1 1 0 0.871343 5.86 0 0.0779864 0.0779864 0.000242495 0 
1 1 0 0.872339 5.86 0 0.0780801 0.0780801 0.000241702 0 
1 1 0 0.873334 5.86 0 0.0781736 0.0781736 0.000240914 0 
1 1 0 0.87433 5.86 0 0.0782671 0.0782671 0.000240131 0 
1 1 0 0.875326 5.86 0 0.0783605 0.0783605 0.000239354 0 
1 1 0 0.876321 5.86 0 0.0784538 0.0784538 0.000238582 0 
1 1 0 0.877317 5.86 0 0.0785469 0.0785469 0.000237815 0 
1 1 0 0.878313 5.86 0 0.07864 0.07864 0.000237053 0 
1 1 0 0.879308 5.86 0 0.078733 0.078733 0.000236296 0 
1 1 0 0.880304 5.86 0 0.0788259 0.0788259 0.000235543 0 
1 1 0 0.8813 5.86 0 0.0789187 0.0789187 0.000234796 0 
1 1 0 0.882295 5.86 0 0.0790114 0.0790114 0.000234053 0 
1 1 0 0.883291 5.86 0 0.079104 0.079104 0.000233316 0 
1 1 0 0.884287 5.86 0 0.0791965 0.0791965 0.000232583 0 
1 1 0 0.885282 5.86 0 0.0792889 0.0792889 0.000231854 0 
1 1 0 0.886278 5.86 0 0.0793813 0.0793813 0.000231131 0 
1 1 0 0.887274 5.86 0 0.0794735 0.0794735 0.000230411 0 
1 1 0 0.88827 5.86 0 0.0795656 0.0795656 0.000229697 0 
1 1 0 0.889265 5.86 0 0.0796577 0.0796577 0.000228987 0 
1 1 0 0.890261 5.86 0 0.0797496 0.0797496 0.000228281 0 
1 1 0 0.891257 5.86 0 0.0798415 0.0798415 0.00022758 0 
1 1 0 0.892253 5.86 0 0.0799332 0.0799332 0.000226884 0 
1 1 0 0.893248 5.86 0 0.0800249 0.0800249 0.000226191 0 
1 1 0 0.894244 5.86 0 0.0801165 0.0801165 0.000225503 0 
1 1 0 0.89524 5.86 0 0.080208 0.080208 0.00022482 0 
1 1 0 0.896236 5.86 0 0.0802994 0.0802994 0.00022414 0 
1 1 0 0.897232 5.86 0 0.0803907 0.0803907 0.000223465 0 
1 1 0 0.898228 5.86 0 0.0804819 0.0804819 0.000222794 0 
1 1 0 0.899223 5.86 0 0.080573 0.080573 0.000222127 0 
1 1 0 0.900219 5.86 0 0.0806641 0.0806641 0.000221464 0 
1 1 0 0.901215 5.86 0 0.080755 0.080755 0.000220805 0 
1 1 0 0.902211 5.86 0 0.0808459 0.0808459 0.000220151 0 
1 1 0 0.903207 5.86 0 0.0809367 0.0809367 0.0002195 0 
1 1 0 0.904203 5.86 0 0.0810273 0.0810273 0.000218853 0 
1 1 0 0.905199 5.86 0 0.0811179 0.0811179 0.00021821 0 
1 1 0 0.906195 5.86 0 0.0812084 0.0812084 0.000217571 0 
1 1 0 0.90719 5.86 0 0.0812989 0.0812989 0.000216936 0 
1 1 0 0.908186 5.86 0 0.0813892 0.0813892 0.000216305 0 
1 1 0 0.909182 5.86 0 0.0814794 0.0814794 0.000215677 0 
1 1 0 0.910178 5.86 0 0.0815696 0.0815696 0.000215053 0 
1 1 0 0.911174 5.86 0 0.0816597 0.0816597 0.000214433 0 
1 1 0 0.91217 5.86 0 0.0817496 0.0817496 0.000213817 0 
1 1 0 0.913166 5.86 0 0.0818395 0.0818395 0.000213204 0 
1 1 0 0.914162 5.86 0 0.0819294 0.0819294 0.000212595 0 
1 1 0 0.915158 5.86 0 0.0820191 0.0820191 0.000211989 0 
1 1 0 0.916154 5.86 0 0.0821087 0.0821087 0.000211387 0 
1 1 0 0.91715 5.86 0 0.0821983 0.0821983 0.000210789 0 
1 1 0 0.918146 5.86 0 0.0822878 0.0822878 0.000210194 0 
1 1 0 0.919142 5.86 0 0.0823771 0.0823771 0.000209603 0 
1 1 0 0.920138 5.86 0 0.0824664 0.0824664 0.000209015 0 
1 1 0 0.921134 5.86 0 0.0825557 0.0825557 0.00020843 0 
1 1 0 0.92213 5.86 0 0.0826448 0.0826448 0.000207849 0 
1 1 0 0.923126 5.86 0 0.0827339 0.0827339 0.000207271 0 
1 1 0 0.924122 5.86 0 0.0828228 0.0828228 0.000206697 0 
1 1 0 0.925118 5.86 0 0.0829117 0.0829117 0.000206125 0 
1 1 0 0.926114 5.86 0 0.0830005 0.0830005 0.000205557 0 
1 1 0 0.92711 5.86 0 0.0830892 0.0830892 0.000204993 0 
1 1 0 0.928106 5.86 0 0.0831779 0.0831779 0.000204431 0 
1 1 0 0.929102 5.86 0 0.0832664 0.0832664 0.000203873 0 
1 1 0 0.930098 5.86 0 0.0833549 0.0833549 0.000203318 0 
1 1 0 0.931094 5.86 0 0.0834433 0.0834433 0.000202766 0 
1 1 0 0.932091 5.86 0 0.0835316 0.0835316 0.000202217 0 
1 1 0 0.933087 5.86 0 0.0836199 0.0836199 0.000201671 0 
1 1 0 0.934083 5.86 0 0.083708 0.083708 0.000201129 0 
1 1 0 0.935079 5.86 0 0.0837961 0.0837961 0.000200589 0 
1 1 0 0.936075 5.86 0 0.0838841 0.0838841 0.000200052 0 
1 1 0 0.937071 5.86 0 0.083972 0.083972 0.000199519 0 
1 1 0 0.938067 5.86 0 0.0840598 0.0840598 0.000198988 0 
1 1 0 0.939063 5.86 0 0.0841476 0.0841476 0.00019846 0 
1 1 0 0.94006 5.86 0 0.0842353 0.0842353 0.000197936 0 
1 1 0 0.941056 5.86 0 0.0843229 0.0843229 0.000197414 0 
1 1 0 0.942052 5.86 0 0.0844104 0.0844104 0.000196895 0 
1 1 0 0.943048 5.86 0 0.0844978 0.0844978 0.000196379 0 
1 1 0 0.944044 5.86 0 0.0845852 0.0845852 0.000195865 0 
1 1 0 0.94504 5.86 0 0.0846725 0.0846725 0.000195355 0 
1 1 0 0.946037 5.86 0 0.0847597 0.0847597 0.000194847 0 
1 1 0 0.947033 5.86 0 0.0848468 0.0848468 0.000194342 0 
1 1 0 0.948029 5.86 0 0.0849339 0.0849339 0.00019384 0 
1 1 0 0.949025 5.86 0 0.0850209 0.0850209 0.00019334 0 
1 1 0 0.950021 5.86 0 0.0851078 0.0851078 0.000192843 0 
1 1 0 0.951018 5.86 0 0.0851946 0.0851946 0.000192349 0 
1 1 0 0.952014 5.86 0 0.0852813 0.0852813 0.000191858 0 
1 1 0 0.95301 5.86 0 0.085368 0.085368 0.000191369 0 
1 1 0 0.954006 5.86 0 0.0854546 0.0854546 0.000190883 0 
1 1 0 0.955003 5.86 0 0.0855411 0.0855411 0.000190399 0 
1 1 0 0.955999 5.86 0 0.0856276 0.0856276 0.000189918 0 
1 1 0 0.956995 5.86 0 0.0857139 0.0857139 0.000189439 0 
1 1 0 0.957991 5.86 0 0.0858002 0.0858002 0.000188963 0 
1 1 0 0.958988 5.86 0 0.0858864 0.0858864 0.00018849 0 
1 1 0 0.959984 5.86 0 0.0859726 0.0859726 0.000188019 0 
1 1 0 0.96098 5.86 0 0.0860587 0.0860587 0.00018755 0 
1 1 0 0.961976 5.86 0 0.0861447 0.0861447 0.000187084 0 
1 1 0 0.962973 5.86 0 0.0862306 0.0862306 0.000186621 0 
1 1 0 0.963969 5.86 0 0.0863164 0.0863164 0.00018616 0 
1 1 0 0.964965 5.86 0 0.0864022 0.0864022 0.000185701 0 
1 1 0 0.965962 5.86 0 0.0864879 0.0864879 0.000185244 0 
1 1 0 0.966958 5.86 0 0.0865735 0.0865735 0.00018479 0 
1 1 0 0.967954 5.86 0 0.0866591 0.0866591 0.000184339 0 
1 1 0 0.968951 5.86 0 0.0867446 0.0867446 0.000183889 0 
1 1 0 0.969947 5.86 0 0.08683 0.08683 0.000183442 0 
1 1 0 0.970943 5.86 0 0.0869153 0.0869153 0.000182998 0 
1 1 0 0.97194 5.86 0 0.0870006 0.0870006 0.000182555 0 
2 1 0 0.97194 5.86 0 0.0870006 0.0870006 0.000182555 0 
1 1 0 0.97194 5.86 0 0.0870006 0.0870006 0.000182555 0 
1 1 0 0.97194 5.86 0 0.0870006 0.0870006 0.000182555 0 
1 1 0 0.97194 5.86 0 0.0870006 0.0870006 0.000182555 0 
1 1 0 0.97194 5.86 0 0.0870006 0.0870006 0.000182555 0 
1 1 0 0.97194 5.86 0 0.0870006 0.0870006 0.000182555 0 
1 1 0 0.97194 5.86 0 0.0870006 0.0870006 0.000182555 0 
1 1 0 0.97194 5.86 0 0.0870006 0.0870006 0.000182555 0 
1 1 0 0.97194 5.86 0 0.0870006 0.0870006 0.000182555 0 
1 1 0 0.97194 5.86 0 0.0870006 0.0870006 0.000182555 0 
1 1 0 0.97194 5.86 0 0.0870006 0.0870006 0.000182555 0 
1 1 0 0.97194 5.86 0 0.0870006 0.0870006 0.000182555 0 
1 1 0 0.97194 5.86 0 0.0870006 0.0870006 0.000182555 0 
1 1 0 0.971941 5.86 0 0.0870007 0.0870007 0.000182555 0 
1 1 0 0.971941 5.86 0 0.0870008 0.0870008 0.000182554 0 
1 1 0 0.971943 5.86 0 0.0870009 0.0870009 0.000182554 0 
1 1 0 0.971946 5.86 0 0.0870012 0.0870012 0.000182552 0 
1 1 0 0.971953 5.86 0 0.0870017 0.0870017 0.000182549 0 
1 1 0 0.971966 5.86 0 0.0870028 0.0870028 0.000182544 0 
1 1 0 0.971992 5.86 0 0.0870051 0.0870051 0.000182532 0 
1 1 0 0.972044 5.86 0 0.0870096 0.0870096 0.000182509 0 
1 1 0 0.972149 5.86 0 0.0870185 0.0870185 0.000182463 0 
1 1 0 0.972358 5.86 0 0.0870364 0.0870364 0.00018237 0 
1 1 0 0.972776 5.86 0 0.0870721 0.0870721 0.000182186 0 
1 1 0 0.973611 5.86 0 0.0871435 0.0871435 0.000181818 0 
1 1 0 0.974608 5.86 0 0.0872286 0.0872286 0.000181381 0 
1 1 0 0.975604 5.86 0 0.0873136 0.0873136 0.000180947 0 
1 1 0 0.976601 5.86 0 0.0873985 0.0873985 0.000180515 0 
1 1 0 0.977597 5.86 0 0.0874834 0.0874834 0.000180085 0 
1 1 0 0.978593 5.86 0 0.0875682 0.0875682 0.000179658 0 
1 1 0 0.97959 5.86 0 0.0876529 0.0876529 0.000179232 0 
1 1 0 0.980586 5.86 0 0.0877376 0.0877376 0.000178809 0 
1 1 0 0.981583 5.86 0 0.0878221 0.0878221 0.000178388 0 
1 1 0 0.982579 5.86 0 0.0879067 0.0879067 0.000177968 0 
1 1 0 0.983575 5.86 0 0.0879911 0.0879911 0.000177551 0 
1 1 0 0.984572 5.86 0 0.0880755 0.0880755 0.000177136 0 
1 1 0 0.985568 5.86 0 0.0881598 0.0881598 0.000176724 0 
1 1 0 0.986565 5.86 0 0.088244 0.088244 0.000176313 0 
1 1 0 0.987561 5.86 0 0.0883282 0.0883282 0.000175904 0 
1 1 0 0.988558 5.86 0 0.0884123 0.0884123 0.000175497 0 
1 1 0 0.989554 5.86 0 0.0884963 0.0884963 0.000175092 0 
1 1 0 0.990551 5.86 0 0.0885803 0.0885803 0.000174689 0 
1 1 0 0.991547 5.86 0 0.0886642 0.0886642 0.000174288 0 
1 1 0 0.992544 5.86 0 0.088748 0.088748 0.00017389 0 
1 1 0 0.99354 5.86 0 0.0888318 0.0888318 0.000173493 0 
1 1 0 0.994537 5.86 0 0.0889154 0.0889154 0.000173098 0 
1 1 0 0.995533 5.86 0 0.0889991 0.0889991 0.000172704 0 
1 1 0 0.99653 5.86 0 0.0890826 0.0890826 0.000172313 0 
1 1 0 0.997526 5.86 0 0.0891661 0.0891661 0.000171924 0 
1 1 0 0.998523 5.86 0 0.0892495 0.0892495 0.000171537 0 
1 1 0 0.999519 5.86 0 0.0893329 0.0893329 0.000171151 0 
1 1 0 1.00052 5.86 0 0.0894162 0.0894162 0.000170767 0 
2 1 0 0.5 5.86 0 0 0 0.000170767 0 
1 1 0 0.5 5.86 0 -2.48808e-11 -2.48808e-11 1.18094e-07 0 
1 1 0 0.5 5.86 0 -4.97615e-11 -4.97615e-11 1.18094e-07 0 
1 1 0 0.5 5.86 0 -9.95231e-11 -9.95231e-11 1.18094e-07 0 
1 1 0 0.5 5.86 0 -1.99046e-10 -1.99046e-10 1.18094e-07 0 
1 1 0 0.5 5.86 0 -3.98092e-10 -3.98092e-10 1.18094e-07 0 
1 1 0 0.5 5.86 0 -7.96185e-10 -7.96185e-10 1.18094e-07 0 
1 1 0 0.5 5.86 0 -1.59237e-09 -1.59237e-09 1.18094e-07 0 
1 1 0 0.5 5.86 0 -3.18474e-09 -3.18474e-09 1.18094e-07 0 
1 1 0 0.5 5.86 0 -6.36948e-09 -6.36948e-09 1.18094e-07 0 
1 1 0 0.5 5.86 0 -1.2739e-08 -1.2739e-08 1.18094e-07 0 
1 1 0 0.5 5.86 0 -2.54779e-08 -2.54779e-08 1.18094e-07 0 
1 1 0 0.5 5.86 0 -5.09558e-08 -5.09558e-08 1.18094e-07 0 
1 1 0 0.499999 5.86 0 -1.01912e-07 -1.01912e-07 1.18094e-07 0 
1 1 0 0.499998 5.86 0 -2.03823e-07 -2.03823e-07 1.18094e-07 0 
1 1 0 0.499997 5.86 0 -4.07646e-07 -4.07646e-07 1.18094e-07 0 
1 1 0 0.499993 5.86 0 -8.15293e-07 -8.15293e-07 1.18094e-07 0 
1 1 0 0.499987 5.86 0 -1.63059e-06 -1.63059e-06 1.18094e-07 0 
1 1 0 0.499974 5.86 0 -3.26117e-06 -3.26117e-06 1.18094e-07 0 
1 1 0 0.499948 5.86 0 -6.52234e-06 -6.52234e-06 1.18094e-07 0 
1 1 0 0.499896 5.86 0 -1.30447e-05 -1.30447e-05 1.18094e-07 0 
1 1 0 0.499792 5.86 0 -2.60894e-05 -2.60894e-05 1.18094e-07 0 
1 1 0 0.499584 5.86 0 -5.21788e-05 -5.21788e-05 1.18094e-07 0 
1 1 0 0.499168 5.86 0 -0.000104358 -0.000104358 1.18094e-07 0 
1 1 0 0.498335 5.86 0 -0.000208715 -0.000208715 1.18095e-07 0 
1 1 0 0.497343 5.86 0 -0.00033312 -0.00033312 1.18096e-07 0 
1 1 0 0.496351 5.86 0 -0.000457526 -0.000457526 1.18099e-07 0 
1 1 0 0.495359 5.86 0 -0.000581934 -0.000581934 1.18138e-07 0 
1 1 0 0.494366 5.86 0 -0.000706357 -0.000706357 1.18614e-07 0 
1 1 0 0.493374 5.86 0 -0.000830866 -0.000830866 1.21211e-07 0 
1 1 0 0.492382 5.86 0 -0.000955701 -0.000955701 1.29797e-07 0 
1 1 0 0.49139 5.86 0 -0.00108138 -0.00108138 1.51434e-07 0 
1 1 0 0.490398 5.86 0 -0.00120875 -0.00120875 2.00035e-07 0 
1 1 0 0.489407 5.86 0 -0.00133903 -0.00133903 3.08507e-07 0 
1 1 0 0.488416 5.86 0 -0.00147384 -0.00147384 5.67446e-07 0 
1 1 0 0.487426 5.86 0 -0.00161527 -0.00161527 1.26185e-06 0 
1 1 0 0.486437 5.86 0 -0.00176617 -0.00176617 3.425e-06 0 
1 1 0 0.485451 5.86 0 -0.00193054 -0.00193054 1.14586e-05 0 
1 1 0 0.484468 5.86 0 -0.0021145 -0.0021145 4.79993e-05 0 
1 1 0 0.48349 5.86 0 -0.00232846 -0.00232846 0.000259787 0 
1 1 0 0.482524 5.86 0 -0.00259324 -0.00259324 0.00194992 0 
1 1 0 0.481598 5.86 0 -0.00296885 -0.00296885 0.0254625 0 
1 1 0 0.480989 5.86 0 -0.00365463 -0.00365463 0.938246 0 
2 1 0 0.481575 5.86 0 -0.00447046 -0.00447046 13.6241 0 
2 1 0 0.482433 5.86 0 -0.00499062 -0.00499062 38.2595 0 
2 1 0 0.483338 5.86 0 -0.00542699 -0.00542699 68.0876 0 
2 1 0 0.484258 5.86 0 -0.00582072 -0.00582072 96.2628 0 
2 1 0 0.485187 5.86 0 -0.00619224 -0.00619224 118.489 0 
2 1 0 0.48612 5.86 0 -0.00655074 -0.00655074 132.672 0 
2 1 0 0.487057 5.86 0 -0.00690194 -0.00690194 138.615 0 
2 1 0 0.487994 5.86 0 -0.00724976 -0.00724976 137.333 0 
2 1 0 0.488932 5.86 0 -0.00759719 -0.00759719 130.43 0 
2 1 0 0.489869 5.86 0 -0.00794665 -0.00794665 119.652 0 
2 1 0 0.490804 5.86 0 -0.00830027 -0.00830027 106.606 0 
2 1 0 0.491737 5.86 0 -0.00866003 -0.00866003 92.6216 0 
2 1 0 0.492667 5.86 0 -0.0090279 -0.0090279 78.705 0 
2 1 0 0.493593 5.86 0 -0.00940593 -0.00940593 65.5527 0 
2 1 0 0.494514 5.86 0 -0.00979633 -0.00979633 53.5966 0 
2 1 0 0.495428 5.86 0 -0.0102016 -0.0102016 43.0591 0 
2 1 0 0.496335 5.86 0 -0.0106247 -0.0106247 34.008 0 
2 1 0 0.497231 5.86 0 -0.0110691 -0.0110691 26.4046 0 
2 1 0 0.498114 5.86 0 -0.0115391 -0.0115391 20.1433 0 
2 1 0 0.49898 5.86 0 -0.0120403 -0.0120403 15.0814 0 
2 1 0 0.499823 5.86 0 -0.0125796 -0.0125796 11.0614 0 
2 1 0 0.500635 5.86 0 -0.0131668 -0.0131668 7.92541 0 
2 1 0 0.5014 5.86 0 -0.0138146 -0.0138146 5.52549 0 
2 1 0 0.502096 5.86 0 -0.0145405 -0.0145405 3.72909 0 
2 1 0 0.50268 5.86 0 -0.015366 -0.015366 2.42279 0 
2 1 0 0.503071 5.86 0 -0.0162867 -0.0162867 1.52995 0 
1 1 0 0.503195 5.86 0 -0.0172798 -0.0172798 0.956409 0 
1 1 0 0.503017 5.86 0 -0.0182651 -0.0182651 0.616171 0 
1 1 0 0.502594 5.86 0 -0.019172 -0.019172 0.420491 0 
1 1 0 0.50201 5.86 0 -0.019984 -0.019984 0.303974 0 
1 1 0 0.501319 5.86 0 -0.0207189 -0.0207189 0.229778 0 
1 1 0 0.500565 5.86 0 -0.021382 -0.021382 0.180428 0 
1 1 0 0.499767 5.86 0 -0.0219892 -0.0219892 0.145838 0 
1 1 0 0.498938 5.86 0 -0.022552 -0.022552 0.120577 0 
1 1 0 0.498087 5.86 0 -0.0230784 -0.0230784 0.10152 0 
1 1 0 0.497218 5.86 0 -0.0235745 -0.0235745 0.0867592 0 
1 1 0 0.496335 5.86 0 -0.0240449 -0.0240449 0.075075 0 
1 1 0 0.495441 5.86 0 -0.0244934 -0.0244934 0.0656555 0 
1 1 0 0.494538 5.86 0 -0.0249226 -0.0249226 0.0579429 0 
1 1 0 0.493626 5.86 0 -0.025335 -0.025335 0.0515426 0 
1 1 0 0.492709 5.86 0 -0.0257324 -0.0257324 0.0461691 0 
1 1 0 0.491785 5.86 0 -0.0261165 -0.0261165 0.0416112 0 
1 1 0 0.490857 5.86 0 -0.0264885 -0.0264885 0.03771 0 
1 1 0 0.489924 5.86 0 -0.0268495 -0.0268495 0.0343437 0 
1 1 0 0.488988 5.86 0 -0.0272006 -0.0272006 0.0314177 0 
1 1 0 0.488048 5.86 0 -0.0275426 -0.0275426 0.0288578 0 
1 1 0 0.487105 5.86 0 -0.0278762 -0.0278762 0.0266047 0 
1 1 0 0.48616 5.86 0 -0.028202 -0.028202 0.0246108 0 
1 1 0 0.485212 5.86 0 -0.0285206 -0.0285206 0.0228376 0 
1 1 0 0.484262 5.86 0 -0.0288324 -0.0288324 0.0212533 0 
1 1 0 0.48331 5.86 0 -0.029138 -0.029138 0.0198319 0 
1 1 0 0.482356 5.86 0 -0.0294377 -0.0294377 0.0185515 0 
1 1 0 0.4814 5.86 0 -0.0297319 -0.0297319 0.017394 0 
1 1 0 0.480443 5.86 0 -0.030021 -0.030021 0.016344 0 
1 1 0 0.479484 5.86 0 -0.0303051 -0.0303051 0.0153886 0 
1 1 0 0.478524 5.86 0 -0.0305845 -0.0305845 0.0145166 0 
1 1 0 0.477562 5.86 0 -0.0308596 -0.0308596 0.0137185 0 
1 1 0 0.4766 5.86 0 -0.0311306 -0.0311306 0.0129862 0 
1 1 0 0.475636 5.86 0 -0.0313975 -0.0313975 0.0123126 0 
1 1 0 0.474671 5.86 0 -0.0316607 -0.0316607 0.0116915 0 
1 1 0 0.473705 5.86 0 -0.0319203 -0.0319203 0.0111175 0 
1 1 0 0.472739 5.86 0 -0.0321764 -0.0321764 0.0105861 0 
1 1 0 0.471771 5.86 0 -0.0324293 -0.0324293 0.010093 0 
1 1 0 0.470803 5.86 0 -0.032679 -0.032679 0.00963466 0 
1 1 0 0.469834 5.86 0 -0.0329257 -0.0329257 0.00920786 0 
1 1 0 0.468864 5.86 0 -0.0331695 -0.0331695 0.00880974 0 
1 1 0 0.467893 5.86 0 -0.0334105 -0.0334105 0.00843777 0 
1 1 0 0.466922 5.86 0 -0.0336488 -0.0336488 0.0080897 0 
1 1 0 0.46595 5.86 0 -0.0338845 -0.0338845 0.00776352 0 
1 1 0 0.464978 5.86 0 -0.0341178 -0.0341178 0.00745741 0 
1 1 0 0.464005 5.86 0 -0.0343486 -0.0343486 0.00716975 0 
1 1 0 0.463031 5.86 0 -0.0345772 -0.0345772 0.00689908 0 
1 1 0 0.462057 5.86 0 -0.0348035 -0.0348035 0.00664407 0 
1 1 0 0.461083 5.86 0 -0.0350276 -0.0350276 0.00640353 0 
1 1 0 0.460108 5.86 0 -0.0352496 -0.0352496 0.00617638 0 
1 1 0 0.459132 5.86 0 -0.0354696 -0.0354696 0.00596163 0 
1 1 0 0.458156 5.86 0 -0.0356877 -0.0356877 0.0057584 0 
1 1 0 0.45718 5.86 0 -0.0359038 -0.0359038 0.00556587 0 
1 1 0 0.456203 5.86 0 -0.0361181 -0.0361181 0.00538329 0 
1 1 0 0.455226 5.86 0 -0.0363306 -0.0363306 0.00520998 0 
1 1 0 0.454248 5.86 0 -0.0365414 -0.0365414 0.00504533 0 
1 1 0 0.453271 5.86 0 -0.0367504 -0.0367504 0.00488875 0 
1 1 0 0.452292 5.86 0 -0.0369578 -0.0369578 0.00473973 0 
1 1 0 0.451314 5.86 0 -0.0371636 -0.0371636 0.00459779 0 
1 1 0 0.450335 5.86 0 -0.0373679 -0.0373679 0.00446247 0 
1 1 0 0.449356 5.86 0 -0.0375706 -0.0375706 0.00433337 0 
1 1 0 0.448376 5.86 0 -0.0377718 -0.0377718 0.00421011 0 
1 1 0 0.447396 5.86 0 -0.0379716 -0.0379716 0.00409234 0 
1 1 0 0.446416 5.86 0 -0.03817 -0.03817 0.00397973 0 
1 1 0 0.445436 5.86 0 -0.038367 -0.038367 0.00387199 0 
1 1 0 0.444455 5.86 0 -0.0385626 -0.0385626 0.00376883 0 
1 1 0 0.443474 5.86 0 -0.038757 -0.038757 0.00367 0 
1 1 0 0.442493 5.86 0 -0.0389501 -0.0389501 0.00357526 0 
1 1 0 0.441511 5.86 0 -0.0391419 -0.0391419 0.00348437 0 
1 1 0 0.44053 5.86 0 -0.0393325 -0.0393325 0.00339714 0 
1 1 0 0.439548 5.86 0 -0.0395219 -0.0395219 0.00331336 0 
1 1 0 0.438566 5.86 0 -0.0397101 -0.0397101 0.00323286 0 
1 1 0 0.437583 5.86 0 -0.0398972 -0.0398972 0.00315546 0 
1 1 0 0.436601 5.86 0 -0.0400831 -0.0400831 0.003081 0 
1 1 0 0.435618 5.86 0 -0.040268 -0.040268 0.00300934 0 
1 1 0 0.434635 5.86 0 -0.0404518 -0.0404518 0.00294033 0 
1 1 0 0.433652 5.86 0 -0.0406345 -0.0406345 0.00287384 0 
1 1 0 0.432669 5.86 0 -0.0408162 -0.0408162 0.00280976 0 
1 1 0 0.431685 5.86 0 -0.0409969 -0.0409969 0.00274796 0 
1 1 0 0.430701 5.86 0 -0.0411766 -0.0411766 0.00268834 0 
1 1 0 0.429717 5.86 0 -0.0413553 -0.0413553 0.00263079 0 
1 1 0 0.428733 5.86 0 -0.0415331 -0.0415331 0.00257521 0 
1 1 0 0.427749 5.86 0 -0.0417099 -0.0417099 0.00252153 0 
1 1 0 0.426765 5.86 0 -0.0418858 -0.0418858 0.00246964 0 
1 1 0 0.42578 5.86 0 -0.0420609 -0.0420609 0.00241948 0 
1 1 0 0.424795 5.86 0 -0.042235 -0.042235 0.00237095 0 
1 1 0 0.42381 5.86 0 -0.0424082 -0.0424082 0.002324 0 
1 1 0 0.422825 5.86 0 -0.0425806 -0.0425806 0.00227855 0 
1 1 0 0.42184 5.86 0 -0.0427522 -0.0427522 0.00223454 0 
1 1 0 0.420855 5.86 0 -0.0429229 -0.0429229 0.00219191 0 
1 1 0 0.41987 5.86 0 -0.0430928 -0.0430928 0.0021506 0 
1 1 0 0.418884 5.86 0 -0.0432619 -0.0432619 0.00211055 0 
1 1 0 0.417898 5.86 0 -0.0434302 -0.0434302 0.00207172 0 
1 1 0 0.416912 5.86 0 -0.0435978 -0.0435978 0.00203405 0 
1 1 0 0.415926 5.86 0 -0.0437646 -0.0437646 0.00199749 0 
1 1 0 0.41494 5.86 0 -0.0439306 -0.0439306 0.00196201 0 
1 1 0 0.413954 5.86 0 -0.0440959 -0.0440959 0.00192756 0 
1 1 0 0.412968 5.86 0 -0.0442605 -0.0442605 0.0018941 0 
1 1 0 0.411981 5.86 0 -0.0444244 -0.0444244 0.00186159 0 
1 1 0 0.410995 5.86 0 -0.0445876 -0.0445876 0.00182999 0 
1 1 0 0.410008 5.86 0 -0.04475 -0.04475 0.00179928 0 
1 1 0 0.409021 5.86 0 -0.0449118 -0.0449118 0.00176941 0 
1 1 0 0.408034 5.86 0 -0.0450729 -0.0450729 0.00174036 0 
1 1 0 0.407047 5.86 0 -0.0452334 -0.0452334 0.00171209 0 
1 1 0 0.40606 5.86 0 -0.0453932 -0.0453932 0.00168458 0 
1 1 0 0.405073 5.86 0 -0.0455523 -0.0455523 0.0016578 0 
1 1 0 0.404085 5.86 0 -0.0457109 -0.0457109 0.00163173 0 
1 1 0 0.403098 5.86 0 -0.0458688 -0.0458688 0.00160633 0 
1 1 0 0.40211 5.86 0 -0.0460261 -0.0460261 0.00158159 0 
1 1 0 0.401123 5.86 0 -0.0461827 -0.0461827 0.00155748 0 
1 1 0 0.400135 5.86 0 -0.0463388 -0.0463388 0.00153398 0 
1 1 0 0.399147 5.86 0 -0.0464943 -0.0464943 0.00151107 0 
1 1 0 0.398159 5.86 0 -0.0466492 -0.0466492 0.00148873 0 
1 1 0 0.397171 5.86 0 -0.0468035 -0.0468035 0.00146694 0 
1 1 0 0.396183 5.86 0 -0.0469573 -0.0469573 0.00144568 0 
1 1 0 0.395195 5.86 0 -0.0471104 -0.0471104 0.00142494 0 
1 1 0 0.394206 5.86 0 -0.0472631 -0.0472631 0.00140469 0 
1 1 0 0.393218 5.86 0 -0.0474152 -0.0474152 0.00138492 0 
1 1 0 0.39223 5.86 0 -0.0475667 -0.0475667 0.00136562 0 
1 1 0 0.391241 5.86 0 -0.0477178 -0.0477178 0.00134678 0 
1 1 0 0.390253 5.86 0 -0.0478682 -0.0478682 0.00132836 0 
1 1 0 0.389264 5.86 0 -0.0480182 -0.0480182 0.00131037 0 
1 1 0 0.388275 5.86 0 -0.0481677 -0.0481677 0.0012928 0 
1 1 0 0.387286 5.86 0 -0.0483166 -0.0483166 0.00127561 0 
1 1 0 0.386297 5.86 0 -0.0484651 -0.0484651 0.00125882 0 
1 1 0 0.385308 5.86 0 -0.048613 -0.048613 0.00124239 0 
1 1 0 0.384319 5.86 0 -0.0487605 -0.0487605 0.00122633 0 
1 1 0 0.38333 5.86 0 -0.0489075 -0.0489075 0.00121062 0 
1 1 0 0.382341 5.86 0 -0.049054 -0.049054 0.00119525 0 
1 1 0 0.381352 5.86 0 -0.0492 -0.0492 0.00118021 0 
1 1 0 0.380362 5.86 0 -0.0493456 -0.0493456 0.00116549 0 
1 1 0 0.379373 5.86 0 -0.0494907 -0.0494907 0.00115108 0 
2 1 0 0.379373 5.86 0 -0.0494907 -0.0494907 0.00115108 0 
1 1 0 0.379373 5.86 0 -0.0494907 -0.0494907 0.00115108 0 
1 1 0 0.379373 5.86 0 -0.0494907 -0.0494907 0.00115108 0 
1 1 0 0.379373 5.86 0 -0.0494907 -0.0494907 0.00115108 0 
1 1 0 0.379373 5.86 0 -0.0494907 -0.0494907 0.00115108 0 
1 1 0 0.379373 5.86 0 -0.0494907 -0.0494907 0.00115108 0 
1 1 0 0.379373 5.86 0 -0.0494907 -0.0494907 0.00115108 0 
1 1 0 0.379373 5.86 0 -0.0494907 -0.0494907 0.00115108 0 
1 1 0 0.379373 5.86 0 -0.0494907 -0.0494907 0.00115108 0 
1 1 0 0.379373 5.86 0 -0.0494907 -0.0494907 0.00115108 0 
1 1 0 0.379373 5.86 0 -0.0494907 -0.0494907 0.00115108 0 
1 1 0 0.379373 5.86 0 -0.0494907 -0.0494907 0.00115108 0 
1 1 0 0.379372 5.86 0 -0.0494907 -0.0494907 0.00115108 0 
1 1 0 0.379372 5.86 0 -0.0494908 -0.0494908 0.00115107 0 
1 1 0 0.379371 5.86 0 -0.0494909 -0.0494909 0.00115106 0 
1 1 0 0.37937 5.86 0 -0.0494911 -0.0494911 0.00115104 0 
1 1 0 0.379366 5.86 0 -0.0494916 -0.0494916 0.00115099 0 
1 1 0 0.37936 5.86 0 -0.0494926 -0.0494926 0.0011509 0 
1 1 0 0.379347 5.86 0 -0.0494945 -0.0494945 0.00115071 0 
1 1 0 0.379321 5.86 0 -0.0494983 -0.0494983 0.00115034 0 
1 1 0 0.379269 5.86 0 -0.0495059 -0.0495059 0.00114959 0 
1 1 0 0.379165 5.86 0 -0.049521 -0.049521 0.0011481 0 
1 1 0 0.378958 5.86 0 -0.0495514 -0.0495514 0.00114513 0 
1 1 0 0.378543 5.86 0 -0.049612 -0.049612 0.00113923 0 
1 1 0 0.377713 5.86 0 -0.0497331 -0.0497331 0.00112759 0 
1 1 0 0.376723 5.86 0 -0.049877 -0.049877 0.00111397 0 
1 1 0 0.375733 5.86 0 -0.0500204 -0.0500204 0.00110064 0 
1 1 0 0.374744 5.86 0 -0.0501634 -0.0501634 0.00108757 0 
1 1 0 0.373754 5.86 0 -0.050306 -0.050306 0.00107478 0 
1 1 0 0.372764 5.86 0 -0.0504481 -0.0504481 0.00106224 0 
1 1 0 0.371774 5.86 0 -0.0505899 -0.0505899 0.00104994 0 
1 1 0 0.370784 5.86 0 -0.0507312 -0.0507312 0.0010379 0 
1 1 0 0.369794 5.86 0 -0.050872 -0.050872 0.00102609 0 
1 1 0 0.368804 5.86 0 -0.0510125 -0.0510125 0.00101451 0 
1 1 0 0.367814 5.86 0 -0.0511526 -0.0511526 0.00100315 0 
1 1 0 0.366824 5.86 0 -0.0512922 -0.0512922 0.000992017 0 
1 1 0 0.365834 5.86 0 -0.0514315 -0.0514315 0.000981094 0 
1 1 0 0.364843 5.86 0 -0.0515704 -0.0515704 0.000970377 0 
1 1 0 0.363853 5.86 0 -0.0517088 -0.0517088 0.000959863 0 
1 1 0 0.362862 5.86 0 -0.0518469 -0.0518469 0.000949545 0 
1 1 0 0.361872 5.86 0 -0.0519846 -0.0519846 0.000939418 0 
1 1 0 0.360881 5.86 0 -0.052122 -0.052122 0.000929479 0 
1 1 0 0.359891 5.86 0 -0.0522589 -0.0522589 0.000919722 0 
1 1 0 0.3589 5.86 0 -0.0523955 -0.0523955 0.000910142 0 
1 1 0 0.35791 5.86 0 -0.0525317 -0.0525317 0.000900735 0 
1 1 0 0.356919 5.86 0 -0.0526676 -0.0526676 0.000891497 0 
1 1 0 0.355928 5.86 0 -0.0528031 -0.0528031 0.000882423 0 
1 1 0 0.354937 5.86 0 -0.0529382 -0.0529382 0.00087351 0 
1 1 0 0.353946 5.86 0 -0.053073 -0.053073 0.000864754 0 
1 1 0 0.352955 5.86 0 -0.0532074 -0.0532074 0.000856151 0 
1 1 0 0.351964 5.86 0 -0.0533414 -0.0533414 0.000847697 0 
1 1 0 0.350973 5.86 0 -0.0534752 -0.0534752 0.000839389 0 
1 1 0 0.349982 5.86 0 -0.0536086 -0.0536086 0.000831223 0 
1 1 0 0.348991 5.86 0 -0.0537416 -0.0537416 0.000823196 0 
1 1 0 0.348 5.86 0 -0.0538743 -0.0538743 0.000815304 0 
1 1 0 0.347009 5.86 0 -0.0540067 -0.0540067 0.000807546 0 
1 1 0 0.346018 5.86 0 -0.0541388 -0.0541388 0.000799916 0 
1 1 0 0.345026 5.86 0 -0.0542705 -0.0542705 0.000792414 0 
1 1 0 0.344035 5.86 0 -0.0544019 -0.0544019 0.000785034 0 
1 1 0 0.343044 5.86 0 -0.054533 -0.054533 0.000777776 0 
1 1 0 0.342052 5.86 0 -0.0546637 -0.0546637 0.000770636 0 
1 1 0 0.341061 5.86 0 -0.0547942 -0.0547942 0.000763611 0 
1 1 0 0.340069 5.86 0 -0.0549243 -0.0549243 0.000756699 0 
1 1 0 0.339078 5.86 0 -0.0550541 -0.0550541 0.000749898 0 
1 1 0 0.338086 5.86 0 -0.0551836 -0.0551836 0.000743204 0 
1 1 0 0.337095 5.86 0 -0.0553128 -0.0553128 0.000736616 0 
1 1 0 0.336103 5.86 0 -0.0554417 -0.0554417 0.000730132 0 
1 1 0 0.335111 5.86 0 -0.0555703 -0.0555703 0.000723748 0 
1 1 0 0.334119 5.86 0 -0.0556986 -0.0556986 0.000717464 0 
1 1 0 0.333128 5.86 0 -0.0558267 -0.0558267 0.000711276 0 
1 1 0 0.332136 5.86 0 -0.0559544 -0.0559544 0.000705183 0 
1 1 0 0.331144 5.86 0 -0.0560818 -0.0560818 0.000699183 0 
1 1 0 0.330152 5.86 0 -0.0562089 -0.0562089 0.000693273 0 
1 1 0 0.32916 5.86 0 -0.0563358 -0.0563358 0.000687453 0 
1 1 0 0.328168 5.86 0 -0.0564624 -0.0564624 0.000681719 0 
1 1 0 0.327176 5.86 0 -0.0565887 -0.0565887 0.000676071 0 
1 1 0 0.326184 5.86 0 -0.0567147 -0.0567147 0.000670506 0 
1 1 0 0.325192 5.86 0 -0.0568404 -0.0568404 0.000665023 0 
1 1 0 0.3242 5.86 0 -0.0569659 -0.0569659 0.000659621 0 
1 1 0 0.323208 5.86 0 -0.057091 -0.057091 0.000654296 0 
1 1 0 0.322216 5.86 0 -0.057216 -0.057216 0.000649049 0 
1 1 0 0.321224 5.86 0 -0.0573406 -0.0573406 0.000643877 0 
1 1 0 0.320231 5.86 0 -0.057465 -0.057465 0.000638779 0 
1 1 0 0.319239 5.86 0 -0.0575891 -0.0575891 0.000633754 0 
1 1 0 0.318247 5.86 0 -0.057713 -0.057713 0.000628799 0 
1 1 0 0.317254 5.86 0 -0.0578366 -0.0578366 0.000623914 0 
1 1 0 0.316262 5.86 0 -0.0579599 -0.0579599 0.000619098 0 
1 1 0 0.31527 5.86 0 -0.058083 -0.058083 0.000614348 0 
1 1 0 0.314277 5.86 0 -0.0582058 -0.0582058 0.000609664 0 
1 1 0 0.313285 5.86 0 -0.0583284 -0.0583284 0.000605045 0 
1 1 0 0.312292 5.86 0 -0.0584507 -0.0584507 0.000600488 0 
1 1 0 0.3113 5.86 0 -0.0585728 -0.0585728 0.000595994 0 
1 1 0 0.310307 5.86 0 -0.0586946 -0.0586946 0.00059156 0 
1 1 0 0.309315 5.86 0 -0.0588162 -0.0588162 0.000587186 0 
1 1 0 0.308322 5.86 0 -0.0589375 -0.0589375 0.000582871 0 
1 1 0 0.307329 5.86 0 -0.0590586 -0.0590586 0.000578613 0 
1 1 0 0.306337 5.86 0 -0.0591794 -0.0591794 0.000574412 0 
1 1 0 0.305344 5.86 0 -0.0593001 -0.0593001 0.000570266 0 
1 1 0 0.304351 5.86 0 -0.0594204 -0.0594204 0.000566174 0 
1 1 0 0.303359 5.86 0 -0.0595406 -0.0595406 0.000562136 0 
1 1 0 0.302366 5.86 0 -0.0596605 -0.0596605 0.00055815 0 
1 1 0 0.301373 5.86 0 -0.0597801 -0.0597801 0.000554216 0 
1 1 0 0.30038 5.86 0 -0.0598996 -0.0598996 0.000550332 0 
1 1 0 0.299387 5.86 0 -0.0600188 -0.0600188 0.000546498 0 
1 1 0 0.298394 5.86 0 -0.0601378 -0.0601378 0.000542712 0 
1 1 0 0.297401 5.86 0 -0.0602565 -0.0602565 0.000538975 0 
1 1 0 0.296408 5.86 0 -0.0603751 -0.0603751 0.000535284 0 
1 1 0 0.295415 5.86 0 -0.0604934 -0.0604934 0.00053164 0 
1 1 0 0.294422 5.86 0 -0.0606115 -0.0606115 0.000528041 0 
1 1 0 0.293429 5.86 0 -0.0607294 -0.0607294 0.000524487 0 
1 1 0 0.292436 5.86 0 -0.060847 -0.060847 0.000520976 0 
1 1 0 0.291443 5.86 0 -0.0609644 -0.0609644 0.000517509 0 
1 1 0 0.29045 5.86 0 -0.0610817 -0.0610817 0.000514084 0 
1 1 0 0.289457 5.86 0 -0.0611987 -0.0611987 0.000510701 0 
1 1 0 0.288464 5.86 0 -0.0613155 -0.0613155 0.000507359 0 
1 1 0 0.287471 5.86 0 -0.061432 -0.061432 0.000504057 0 
1 1 0 0.286478 5.86 0 -0.0615484 -0.0615484 0.000500794 0 
1 1 0 0.285484 5.86 0 -0.0616646 -0.0616646 0.000497571 0 
1 1 0 0.284491 5.86 0 -0.0617805 -0.0617805 0.000494386 0 
1 1 0 0.283498 5.86 0 -0.0618963 -0.0618963 0.000491238 0 
1 1 0 0.282504 5.86 0 -0.0620118 -0.0620118 0.000488127 0 
1 1 0 0.281511 5.86 0 -0.0621271 -0.0621271 0.000485053 0 
1 1 0 0.280518 5.86 0 -0.0622423 -0.0622423 0.000482015 0 
1 1 0 0.279524 5.86 0 -0.0623572 -0.0623572 0.000479012 0 
1 1 0 0.278531 5.86 0 -0.0624719 -0.0624719 0.000476043 0 
1 1 0 0.277538 5.86 0 -0.0625865 -0.0625865 0.000473109 0 
1 1 0 0.276544 5.86 0 -0.0627008 -0.0627008 0.000470208 0 
1 1 0 0.275551 5.86 0 -0.0628149 -0.0628149 0.00046734 0 
1 1 0 0.274557 5.86 0 -0.0629289 -0.0629289 0.000464505 0 
1 1 0 0.273564 5.86 0 -0.0630426 -0.0630426 0.000461702 0 
1 1 0 0.27257 5.86 0 -0.0631562 -0.0631562 0.00045893 0 
1 1 0 0.271577 5.86 0 -0.0632696 -0.0632696 0.000456189 0 
1 1 0 0.270583 5.86 0 -0.0633827 -0.0633827 0.000453479 0 
1 1 0 0.269589 5.86 0 -0.0634957 -0.0634957 0.000450798 0 
1 1 0 0.268596 5.86 0 -0.0636085 -0.0636085 0.000448148 0 
1 1 0 0.267602 5.86 0 -0.0637211 -0.0637211 0.000445526 0 
1 1 0 0.266609 5.86 0 -0.0638335 -0.0638335 0.000442933 0 
1 1 0 0.265615 5.86 0 -0.0639458 -0.0639458 0.000440368 0 
1 1 0 0.264621 5.86 0 -0.0640578 -0.0640578 0.000437831 0 
1 1 0 0.263627 5.86 0 -0.0641697 -0.0641697 0.000435322 0 
1 1 0 0.262634 5.86 0 -0.0642814 -0.0642814 0.000432839 0 
1 1 0 0.26164 5.86 0 -0.0643929 -0.0643929 0.000430383 0 
1 1 0 0.260646 5.86 0 -0.0645042 -0.0645042 0.000427953 0 
1 1 0 0.259652 5.86 0 -0.0646154 -0.0646154 0.000425549 0 
1 1 0 0.258658 5.86 0 -0.0647263 -0.0647263 0.00042317 0 
1 1 0 0.257665 5.86 0 -0.0648371 -0.0648371 0.000420816 0 
1 1 0 0.256671 5.86 0 -0.0649478 -0.0649478 0.000418487 0 
1 1 0 0.255677 5.86 0 -0.0650582 -0.0650582 0.000416182 0 
1 1 0 0.254683 5.86 0 -0.0651685 -0.0651685 0.000413901 0 
1 1 0 0.253689 5.86 0 -0.0652786 -0.0652786 0.000411643 0 
1 1 0 0.252695 5.86 0 -0.0653885 -0.0653885 0.000409409 0 
1 1 0 0.251701 5.86 0 -0.0654982 -0.0654982 0.000407198 0 
1 1 0 0.250707 5.86 0 -0.0656078 -0.0656078 0.000405009 0 
1 1 0 0.249713 5.86 0 -0.0657172 -0.0657172 0.000402843 0 
1 1 0 0.248719 5.86 0 -0.0658265 -0.0658265 0.000400698 0 
1 1 0 0.247725 5.86 0 -0.0659356 -0.0659356 0.000398575 0 
1 1 0 0.246731 5.86 0 -0.0660445 -0.0660445 0.000396473 0 
1 1 0 0.245737 5.86 0 -0.0661532 -0.0661532 0.000394393 0 
1 1 0 0.244743 5.86 0 -0.0662618 -0.0662618 0.000392333 0 
1 1 0 0.243749 5.86 0 -0.0663702 -0.0663702 0.000390293 0 
1 1 0 0.242755 5.86 0 -0.0664785 -0.0664785 0.000388274 0 
1 1 0 0.241761 5.86 0 -0.0665865 -0.0665865 0.000386274 0 
1 1 0 0.240766 5.86 0 -0.0666945 -0.0666945 0.000384294 0 
1 1 0 0.239772 5.86 0 -0.0668022 -0.0668022 0.000382333 0 
1 1 0 0.238778 5.86 0 -0.0669098 -0.0669098 0.000380392 0 
1 1 0 0.237784 5.86 0 -0.0670173 -0.0670173 0.000378469 0 
1 1 0 0.23679 5.86 0 -0.0671246 -0.0671246 0.000376565 0 
1 1 0 0.235795 5.86 0 -0.0672317 -0.0672317 0.000374679 0 
1 1 0 0.234801 5.86 0 -0.0673387 -0.0673387 0.000372811 0 
1 1 0 0.233807 5.86 0 -0.0674455 -0.0674455 0.00037096 0 
1 1 0 0.232813 5.86 0 -0.0675522 -0.0675522 0.000369128 0 
1 1 0 0.231818 5.86 0 -0.0676587 -0.0676587 0.000367312 0 
1 1 0 0.230824 5.86 0 -0.0677651 -0.0677651 0.000365514 0 
1 1 0 0.22983 5.86 0 -0.0678713 -0.0678713 0.000363733 0 
1 1 0 0.228835 5.86 0 -0.0679773 -0.0679773 0.000361968 0 
1 1 0 0.227841 5.86 0 -0.0680832 -0.0680832 0.000360219 0 
1 1 0 0.226846 5.86 0 -0.068189 -0.068189 0.000358487 0 
1 1 0 0.225852 5.86 0 -0.0682946 -0.0682946 0.000356771 0 
1 1 0 0.224858 5.86 0 -0.0684 -0.0684 0.000355071 0 
1 1 0 0.223863 5.86 0 -0.0685053 -0.0685053 0.000353386 0 
1 1 0 0.222869 5.86 0 -0.0686105 -0.0686105 0.000351716 0 
1 1 0 0.221874 5.86 0 -0.0687155 -0.0687155 0.000350062 0 
1 1 0 0.22088 5.86 0 -0.0688204 -0.0688204 0.000348423 0 
1 1 0 0.219885 5.86 0 -0.0689251 -0.0689251 0.000346798 0 
1 1 0 0.218891 5.86 0 -0.0690297 -0.0690297 0.000345188 0 
1 1 0 0.217896 5.86 0 -0.0691341 -0.0691341 0.000343593 0 
1 1 0 0.216902 5.86 0 -0.0692384 -0.0692384 0.000342011 0 
1 1 0 0.215907 5.86 0 -0.0693425 -0.0693425 0.000340444 0 
1 1 0 0.214912 5.86 0 -0.0694465 -0.0694465 0.000338891 0 
1 1 0 0.213918 5.86 0 -0.0695504 -0.0695504 0.000337351 0 
1 1 0 0.212923 5.86 0 -0.0696541 -0.0696541 0.000335825 0 
1 1 0 0.211929 5.86 0 -0.0697577 -0.0697577 0.000334312 0 
1 1 0 0.210934 5.86 0 -0.0698612 -0.0698612 0.000332813 0 
1 1 0 0.209939 5.86 0 -0.0699645 -0.0699645 0.000331326 0 
1 1 0 0.208945 5.86 0 -0.0700676 -0.0700676 0.000329853 0 
1 1 0 0.20795 5.86 0 -0.0701707 -0.0701707 0.000328392 0 
1 1 0 0.206955 5.86 0 -0.0702735 -0.0702735 0.000326944 0 
1 1 0 0.205961 5.86 0 -0.0703763 -0.0703763 0.000325508 0 
1 1 0 0.204966 5.86 0 -0.0704789 -0.0704789 0.000324084 0 
1 1 0 0.203971 5.86 0 -0.0705814 -0.0705814 0.000322672 0 
2 1 0 0.203971 5.86 0 -0.0705814 -0.0705814 0.000322672 0 
1 1 0 0.203971 5.86 0 -0.0705814 -0.0705814 0.000322672 0 
1 1 0 0.203971 5.86 0 -0.0705814 -0.0705814 0.000322672 0 
1 1 0 0.203971 5.86 0 -0.0705814 -0.0705814 0.000322672 0 
1 1 0 0.203971 5.86 0 -0.0705814 -0.0705814 0.000322672 0 
1 1 0 0.203971 5.86 0 -0.0705814 -0.0705814 0.000322672 0 
1 1 0 0.203971 5.86 0 -0.0705814 -0.0705814 0.000322672 0 
1 1 0 0.203971 5.86 0 -0.0705814 -0.0705814 0.000322672 0 
1 1 0 0.203971 5.86 0 -0.0705814 -0.0705814 0.000322672 0 
1 1 0 0.203971 5.86 0 -0.0705814 -0.0705814 0.000322672 0 
1 1 0 0.203971 5.86 0 -0.0705814 -0.0705814 0.000322672 0 
1 1 0 0.203971 5.86 0 -0.0705814 -0.0705814 0.000322672 0 
1 1 0 0.203971 5.86 0 -0.0705815 -0.0705815 0.000322672 0 
1 1 0 0.20397 5.86 0 -0.0705815 -0.0705815 0.000322671 0 
1 1 0 0.20397 5.86 0 -0.0705816 -0.0705816 0.00032267 0 
1 1 0 0.203968 5.86 0 -0.0705817 -0.0705817 0.000322668 0 
1 1 0 0.203965 5.86 0 -0.0705821 -0.0705821 0.000322663 0 
1 1 0 0.203958 5.86 0 -0.0705828 -0.0705828 0.000322654 0 
1 1 0 0.203945 5.86 0 -0.0705841 -0.0705841 0.000322636 0 
1 1 0 0.203919 5.86 0 -0.0705868 -0.0705868 0.000322599 0 
1 1 0 0.203867 5.86 0 -0.0705922 -0.0705922 0.000322525 0 
1 1 0 0.203763 5.86 0 -0.0706029 -0.0706029 0.000322378 0 
1 1 0 0.203554 5.86 0 -0.0706244 -0.0706244 0.000322084 0 
1 1 0 0.203137 5.86 0 -0.0706673 -0.0706673 0.000321498 0 
1 1 0 0.202302 5.86 0 -0.0707531 -0.0707531 0.000320331 0 
1 1 0 0.201307 5.86 0 -0.0708552 -0.0708552 0.000318951 0 
1 1 0 0.200313 5.86 0 -0.0709572 -0.0709572 0.000317583 0 
1 1 0 0.199318 5.86 0 -0.071059 -0.071059 0.000316226 0 
1 1 0 0.198323 5.86 0 -0.0711608 -0.0711608 0.000314881 0 
1 1 0 0.197328 5.86 0 -0.0712624 -0.0712624 0.000313546 0 
1 1 0 0.196333 5.86 0 -0.0713639 -0.0713639 0.000312223 0 
1 1 0 0.195339 5.86 0 -0.0714652 -0.0714652 0.000310911 0 
1 1 0 0.194344 5.86 0 -0.0715664 -0.0715664 0.000309609 0 
1 1 0 0.193349 5.86 0 -0.0716675 -0.0716675 0.000308318 0 
1 1 0 0.192354 5.86 0 -0.0717685 -0.0717685 0.000307038 0 
1 1 0 0.191359 5.86 0 -0.0718693 -0.0718693 0.000305768 0 
1 1 0 0.190364 5.86 0 -0.07197 -0.07197 0.000304508 0 
1 1 0 0.189369 5.86 0 -0.0720706 -0.0720706 0.000303259 0 
1 1 0 0.188374 5.86 0 -0.072171 -0.072171 0.000302019 0 
1 1 0 0.187379 5.86 0 -0.0722713 -0.0722713 0.00030079 0 
1 1 0 0.186384 5.86 0 -0.0723715 -0.0723715 0.00029957 0 
1 1 0 0.185389 5.86 0 -0.0724716 -0.0724716 0.00029836 0 
1 1 0 0.184394 5.86 0 -0.0725716 -0.0725716 0.00029716 0 
1 1 0 0.183399 5.86 0 -0.0726714 -0.0726714 0.000295969 0 
1 1 0 0.182404 5.86 0 -0.0727711 -0.0727711 0.000294788 0 
1 1 0 0.181409 5.86 0 -0.0728707 -0.0728707 0.000293616 0 
1 1 0 0.180414 5.86 0 -0.0729702 -0.0729702 0.000292453 0 
1 1 0 0.179419 5.86 0 -0.0730695 -0.0730695 0.000291299 0 
1 1 0 0.178424 5.86 0 -0.0731687 -0.0731687 0.000290154 0 
1 1 0 0.177429 5.86 0 -0.0732678 -0.0732678 0.000289018 0 
1 1 0 0.176434 5.86 0 -0.0733668 -0.0733668 0.000287891 0 
1 1 0 0.175439 5.86 0 -0.0734657 -0.0734657 0.000286773 0 
1 1 0 0.174444 5.86 0 -0.0735644 -0.0735644 0.000285663 0 
1 1 0 0.173449 5.86 0 -0.073663 -0.073663 0.000284561 0 
1 1 0 0.172454 5.86 0 -0.0737615 -0.0737615 0.000283468 0 
1 1 0 0.171458 5.86 0 -0.0738599 -0.0738599 0.000282384 0 
1 1 0 0.170463 5.86 0 -0.0739582 -0.0739582 0.000281307 0 
1 1 0 0.169468 5.86 0 -0.0740564 -0.0740564 0.000280239 0 
1 1 0 0.168473 5.86 0 -0.0741544 -0.0741544 0.000279179 0 
1 1 0 0.167478 5.86 0 -0.0742524 -0.0742524 0.000278126 0 
1 1 0 0.166482 5.86 0 -0.0743502 -0.0743502 0.000277082 0 
1 1 0 0.165487 5.86 0 -0.0744479 -0.0744479 0.000276045 0 
1 1 0 0.164492 5.86 0 -0.0745455 -0.0745455 0.000275016 0 
1 1 0 0.163497 5.86 0 -0.0746429 -0.0746429 0.000273995 0 
1 1 0 0.162502 5.86 0 -0.0747403 -0.0747403 0.000272981 0 
1 1 0 0.161506 5.86 0 -0.0748375 -0.0748375 0.000271975 0 
1 1 0 0.160511 5.86 0 -0.0749347 -0.0749347 0.000270976 0 
1 1 0 0.159516 5.86 0 -0.0750317 -0.0750317 0.000269985 0 
1 1 0 0.15852 5.86 0 -0.0751286 -0.0751286 0.000269 0 
1 1 0 0.157525 5.86 0 -0.0752254 -0.0752254 0.000268023 0 
1 1 0 0.15653 5.86 0 -0.0753221 -0.0753221 0.000267053 0 
1 1 0 0.155534 5.86 0 -0.0754187 -0.0754187 0.00026609 0 
1 1 0 0.154539 5.86 0 -0.0755152 -0.0755152 0.000265134 0 
1 1 0 0.153544 5.86 0 -0.0756115 -0.0756115 0.000264184 0 
1 1 0 0.152548 5.86 0 -0.0757078 -0.0757078 0.000263242 0 
1 1 0 0.151553 5.86 0 -0.0758039 -0.0758039 0.000262306 0 
1 1 0 0.150558 5.86 0 -0.0759 -0.0759 0.000261377 0 
1 1 0 0.149562 5.86 0 -0.0759959 -0.0759959 0.000260455 0 
1 1 0 0.148567 5.86 0 -0.0760917 -0.0760917 0.000259539 0 
1 1 0 0.147571 5.86 0 -0.0761874 -0.0761874 0.000258629 0 
1 1 0 0.146576 5.86 0 -0.0762831 -0.0762831 0.000257726 0 
1 1 0 0.145581 5.86 0 -0.0763786 -0.0763786 0.000256829 0 
1 1 0 0.144585 5.86 0 -0.076474 -0.076474 0.000255939 0 
1 1 0 0.14359 5.86 0 -0.0765693 -0.0765693 0.000255055 0 
1 1 0 0.142594 5.86 0 -0.0766644 -0.0766644 0.000254176 0 
1 1 0 0.141599 5.86 0 -0.0767595 -0.0767595 0.000253304 0 
1 1 0 0.140603 5.86 0 -0.0768545 -0.0768545 0.000252438 0 
1 1 0 0.139608 5.86 0 -0.0769494 -0.0769494 0.000251578 0 
1 1 0 0.138612 5.86 0 -0.0770442 -0.0770442 0.000250724 0 
1 1 0 0.137617 5.86 0 -0.0771389 -0.0771389 0.000249876 0 
1 1 0 0.136621 5.86 0 -0.0772334 -0.0772334 0.000249033 0 
1 1 0 0.135626 5.86 0 -0.0773279 -0.0773279 0.000248196 0 
1 1 0 0.13463 5.86 0 -0.0774223 -0.0774223 0.000247365 0 
1 1 0 0.133635 5.86 0 -0.0775165 -0.0775165 0.00024654 0 
1 1 0 0.132639 5.86 0 -0.0776107 -0.0776107 0.00024572 0 
1 1 0 0.131644 5.86 0 -0.0777048 -0.0777048 0.000244905 0 
1 1 0 0.130648 5.86 0 -0.0777987 -0.0777987 0.000244096 0 
1 1 0 0.129652 5.86 0 -0.0778926 -0.0778926 0.000243293 0 
1 1 0 0.128657 5.86 0 -0.0779864 -0.0779864 0.000242495 0 
1 1 0 0.127661 5.86 0 -0.0780801 -0.0780801 0.000241702 0 
1 1 0 0.126666 5.86 0 -0.0781736 -0.0781736 0.000240914 0 
1 1 0 0.12567 5.86 0 -0.0782671 -0.0782671 0.000240131 0 
1 1 0 0.124674 5.86 0 -0.0783605 -0.0783605 0.000239354 0 
1 1 0 0.123679 5.86 0 -0.0784538 -0.0784538 0.000238582 0 
1 1 0 0.122683 5.86 0 -0.0785469 -0.0785469 0.000237815 0 
1 1 0 0.121687 5.86 0 -0.07864 -0.07864 0.000237053 0 
1 1 0 0.120692 5.86 0 -0.078733 -0.078733 0.000236296 0 
1 1 0 0.119696 5.86 0 -0.0788259 -0.0788259 0.000235543 0 
1 1 0 0.1187 5.86 0 -0.0789187 -0.0789187 0.000234796 0 
1 1 0 0.117705 5.86 0 -0.0790114 -0.0790114 0.000234053 0 
1 1 0 0.116709 5.86 0 -0.079104 -0.079104 0.000233316 0 
1 1 0 0.115713 5.86 0 -0.0791965 -0.0791965 0.000232583 0 
1 1 0 0.114718 5.86 0 -0.0792889 -0.0792889 0.000231854 0 
1 1 0 0.113722 5.86 0 -0.0793813 -0.0793813 0.000231131 0 
1 1 0 0.112726 5.86 0 -0.0794735 -0.0794735 0.000230411 0 
1 1 0 0.11173 5.86 0 -0.0795656 -0.0795656 0.000229697 0 
1 1 0 0.110735 5.86 0 -0.0796577 -0.0796577 0.000228987 0 
1 1 0 0.109739 5.86 0 -0.0797496 -0.0797496 0.000228281 0 
1 1 0 0.108743 5.86 0 -0.0798415 -0.0798415 0.00022758 0 
1 1 0 0.107747 5.86 0 -0.0799332 -0.0799332 0.000226884 0 
1 1 0 0.106752 5.86 0 -0.0800249 -0.0800249 0.000226191 0 
1 1 0 0.105756 5.86 0 -0.0801165 -0.0801165 0.000225503 0 
1 1 0 0.10476 5.86 0 -0.080208 -0.080208 0.00022482 0 
1 1 0 0.103764 5.86 0 -0.0802994 -0.0802994 0.00022414 0 
1 1 0 0.102768 5.86 0 -0.0803907 -0.0803907 0.000223465 0 
1 1 0 0.101772 5.86 0 -0.0804819 -0.0804819 0.000222794 0 
1 1 0 0.100777 5.86 0 -0.080573 -0.080573 0.000222127 0 
1 1 0 0.0997807 5.86 0 -0.0806641 -0.0806641 0.000221464 0 
1 1 0 0.0987849 5.86 0 -0.080755 -0.080755 0.000220805 0 
1 1 0 0.097789 5.86 0 -0.0808459 -0.0808459 0.000220151 0 
1 1 0 0.0967932 5.86 0 -0.0809367 -0.0809367 0.0002195 0 
1 1 0 0.0957973 5.86 0 -0.0810273 -0.0810273 0.000218853 0 
1 1 0 0.0948014 5.86 0 -0.0811179 -0.0811179 0.00021821 0 
1 1 0 0.0938055 5.86 0 -0.0812084 -0.0812084 0.000217571 0 
1 1 0 0.0928096 5.86 0 -0.0812989 -0.0812989 0.000216936 0 
1 1 0 0.0918137 5.86 0 -0.0813892 -0.0813892 0.000216305 0 
1 1 0 0.0908178 5.86 0 -0.0814794 -0.0814794 0.000215677 0 
1 1 0 0.0898218 5.86 0 -0.0815696 -0.0815696 0.000215053 0 
1 1 0 0.0888259 5.86 0 -0.0816597 -0.0816597 0.000214433 0 
1 1 0 0.0878299 5.86 0 -0.0817496 -0.0817496 0.000213817 0 
1 1 0 0.086834 5.86 0 -0.0818395 -0.0818395 0.000213204 0 
1 1 0 0.085838 5.86 0 -0.0819294 -0.0819294 0.000212595 0 
1 1 0 0.0848421 5.86 0 -0.0820191 -0.0820191 0.000211989 0 
1 1 0 0.0838461 5.86 0 -0.0821087 -0.0821087 0.000211387 0 
1 1 0 0.0828501 5.86 0 -0.0821983 -0.0821983 0.000210789 0 
1 1 0 0.0818541 5.86 0 -0.0822878 -0.0822878 0.000210194 0 
1 1 0 0.0808581 5.86 0 -0.0823771 -0.0823771 0.000209603 0 
1 1 0 0.0798621 5.86 0 -0.0824664 -0.0824664 0.000209015 0 
1 1 0 0.0788661 5.86 0 -0.0825557 -0.0825557 0.00020843 0 
1 1 0 0.0778701 5.86 0 -0.0826448 -0.0826448 0.000207849 0 
1 1 0 0.0768741 5.86 0 -0.0827339 -0.0827339 0.000207271 0 
1 1 0 0.075878 5.86 0 -0.0828228 -0.0828228 0.000206697 0 
1 1 0 0.074882 5.86 0 -0.0829117 -0.0829117 0.000206125 0 
1 1 0 0.0738859 5.86 0 -0.0830005 -0.0830005 0.000205557 0 
1 1 0 0.0728899 5.86 0 -0.0830892 -0.0830892 0.000204993 0 
1 1 0 0.0718938 5.86 0 -0.0831779 -0.0831779 0.000204431 0 
1 1 0 0.0708977 5.86 0 -0.0832664 -0.0832664 0.000203873 0 
1 1 0 0.0699017 5.86 0 -0.0833549 -0.0833549 0.000203318 0 
1 1 0 0.0689056 5.86 0 -0.0834433 -0.0834433 0.000202766 0 
1 1 0 0.0679095 5.86 0 -0.0835316 -0.0835316 0.000202217 0 
1 1 0 0.0669134 5.86 0 -0.0836199 -0.0836199 0.000201671 0 
1 1 0 0.0659173 5.86 0 -0.083708 -0.083708 0.000201129 0 
1 1 0 0.0649212 5.86 0 -0.0837961 -0.0837961 0.000200589 0 
1 1 0 0.0639251 5.86 0 -0.0838841 -0.0838841 0.000200052 0 
1 1 0 0.0629289 5.86 0 -0.083972 -0.083972 0.000199519 0 
1 1 0 0.0619328 5.86 0 -0.0840598 -0.0840598 0.000198988 0 
1 1 0 0.0609366 5.86 0 -0.0841476 -0.0841476 0.00019846 0 
1 1 0 0.0599405 5.86 0 -0.0842353 -0.0842353 0.000197936 0 
1 1 0 0.0589443 5.86 0 -0.0843229 -0.0843229 0.000197414 0 
1 1 0 0.0579482 5.86 0 -0.0844104 -0.0844104 0.000196895 0 
1 1 0 0.056952 5.86 0 -0.0844978 -0.0844978 0.000196379 0 
1 1 0 0.0559558 5.86 0 -0.0845852 -0.0845852 0.000195865 0 
1 1 0 0.0549596 5.86 0 -0.0846725 -0.0846725 0.000195355 0 
1 1 0 0.0539635 5.86 0 -0.0847597 -0.0847597 0.000194847 0 
1 1 0 0.0529673 5.86 0 -0.0848468 -0.0848468 0.000194342 0 
1 1 0 0.0519711 5.86 0 -0.0849339 -0.0849339 0.00019384 0 
1 1 0 0.0509748 5.86 0 -0.0850209 -0.0850209 0.00019334 0 
1 1 0 0.0499786 5.86 0 -0.0851078 -0.0851078 0.000192843 0 
1 1 0 0.0489824 5.86 0 -0.0851946 -0.0851946 0.000192349 0 
1 1 0 0.0479862 5.86 0 -0.0852813 -0.0852813 0.000191858 0 
1 1 0 0.0469899 5.86 0 -0.085368 -0.085368 0.000191369 0 
1 1 0 0.0459937 5.86 0 -0.0854546 -0.0854546 0.000190883 0 
1 1 0 0.0449974 5.86 0 -0.0855411 -0.0855411 0.000190399 0 
1 1 0 0.0440012 5.86 0 -0.0856276 -0.0856276 0.000189918 0 
1 1 0 0.0430049 5.86 0 -0.0857139 -0.0857139 0.000189439 0 
1 1 0 0.0420087 5.86 0 -0.0858002 -0.0858002 0.000188963 0 
1 1 0 0.0410124 5.86 0 -0.0858864 -0.0858864 0.00018849 0 
1 1 0 0.0400161 5.86 0 -0.0859726 -0.0859726 0.000188019 0 
1 1 0 0.0390198 5.86 0 -0.0860587 -0.0860587 0.00018755 0 
1 1 0 0.0380235 5.86 0 -0.0861447 -0.0861447 0.000187084 0 
1 1 0 0.0370272 5.86 0 -0.0862306 -0.0862306 0.000186621 0 
1 1 0 0.0360309 5.86 0 -0.0863164 -0.0863164 0.00018616 0 
1 1 0 0.0350346 5.86 0 -0.0864022 -0.0864022 0.000185701 0 
1 1 0 0.0340383 5.86 0 -0.0864879 -0.0864879 0.000185244 0 
1 1 0 0.0330419 5.86 0 -0.0865735 -0.0865735 0.00018479 0 
1 1 0 0.0320456 5.86 0 -0.0866591 -0.0866591 0.000184339 0 
1 1 0 0.0310493 5.86 0 -0.0867446 -0.0867446 0.000183889 0 
1 1 0 0.0300529 5.86 0 -0.08683 -0.08683 0.000183442 0 
1 1 0 0.0290566 5.86 0 -0.0869153 -0.0869153 0.000182998 0 
1 1 0 0.0280602 5.86 0 -0.0870006 -0.0870006 0.000182555 0 
2 1 0 0.0280602 5.86 0 -0.0870006 -0.0870006 0.000182555 0 
1 1 0 0.0280602 5.86 0 -0.0870006 -0.0870006 0.000182555 0 
1 1 0 0.0280602 5.86 0 -0.0870006 -0.0870006 0.000182555 0 
1 1 0 0.0280602 5.86 0 -0.0870006 -0.0870006 0.000182555 0 
1 1 0 0.0280602 5.86 0 -0.0870006 -0.0870006 0.000182555 0 
1 1 0 0.0280602 5.86 0 -0.0870006 -0.0870006 0.000182555 0 
1 1 0 0.0280602 5.86 0 -0.0870006 -0.0870006 0.000182555 0 
1 1 0 0.0280602 5.86 0 -0.0870006 -0.0870006 0.000182555 0 
1 1 0 0.0280602 5.86 0 -0.0870006 -0.0870006 0.000182555 0 
1 1 0 0.0280602 5.86 0 -0.0870006 -0.0870006 0.000182555 0 
1 1 0 0.0280601 5.86 0 -0.0870006 -0.0870006 0.000182555 0 
1 1 0 0.02806 5.86 0 -0.0870006 -0.0870006 0.000182555 0 
1 1 0 0.0280598 5.86 0 -0.0870006 -0.0870006 0.000182555 0 
1 1 0 0.0280594 5.86 0 -0.0870007 -0.0870007 0.000182555 0 
1 1 0 0.0280586 5.86 0 -0.0870008 -0.0870008 0.000182554 0 
1 1 0 0.0280569 5.86 0 -0.0870009 -0.0870009 0.000182554 0 
1 1 0 0.0280537 5.86 0 -0.0870012 -0.0870012 0.000182552 0 
1 1 0 0.0280472 5.86 0 -0.0870017 -0.0870017 0.000182549 0 
1 1 0 0.0280341 5.86 0 -0.0870028 -0.0870028 0.000182544 0 
1 1 0 0.028008 5.86 0 -0.0870051 -0.0870051 0.000182532 0 
1 1 0 0.0279557 5.86 0 -0.0870096 -0.0870096 0.000182509 0 
1 1 0 0.0278513 5.86 0 -0.0870185 -0.0870185 0.000182463 0 
1 1 0 0.0276423 5.86 0 -0.0870364 -0.0870364 0.00018237 0 
1 1 0 0.0272244 5.86 0 -0.0870721 -0.0870721 0.000182186 0 
1 1 0 0.0263886 5.86 0 -0.0871435 -0.0871435 0.000181818 0 
1 1 0 0.0253922 5.86 0 -0.0872286 -0.0872286 0.000181381 0 
1 1 0 0.0243958 5.86 0 -0.0873136 -0.0873136 0.000180947 0 
1 1 0 0.0233994 5.86 0 -0.0873985 -0.0873985 0.000180515 0 
1 1 0 0.0224031 5.86 0 -0.0874834 -0.0874834 0.000180085 0 
1 1 0 0.0214067 5.86 0 -0.0875682 -0.0875682 0.000179658 0 
1 1 0 0.0204102 5.86 0 -0.0876529 -0.0876529 0.000179232 0 
1 1 0 0.0194138 5.86 0 -0.0877376 -0.0877376 0.000178809 0 
1 1 0 0.0184174 5.86 0 -0.0878221 -0.0878221 0.000178388 0 
1 1 0 0.017421 5.86 0 -0.0879067 -0.0879067 0.000177968 0 
1 1 0 0.0164246 5.86 0 -0.0879911 -0.0879911 0.000177551 0 
1 1 0 0.0154281 5.86 0 -0.0880755 -0.0880755 0.000177136 0 
1 1 0 0.0144317 5.86 0 -0.0881598 -0.0881598 0.000176724 0 
1 1 0 0.0134352 5.86 0 -0.088244 -0.088244 0.000176313 0 
1 1 0 0.0124388 5.86 0 -0.0883282 -0.0883282 0.000175904 0 
1 1 0 0.0114423 5.86 0 -0.0884123 -0.0884123 0.000175497 0 
1 1 0 0.0104459 5.86 0 -0.0884963 -0.0884963 0.000175092 0 
1 1 0 0.00944941 5.86 0 -0.0885803 -0.0885803 0.000174689 0 
1 1 0 0.00845293 5.86 0 -0.0886642 -0.0886642 0.000174288 0 
1 1 0 0.00745645 5.86 0 -0.088748 -0.088748 0.00017389 0 
1 1 0 0.00645997 5.86 0 -0.0888318 -0.0888318 0.000173493 0 
1 1 0 0.00546347 5.86 0 -0.0889154 -0.0889154 0.000173098 0 
1 1 0 0.00446698 5.86 0 -0.0889991 -0.0889991 0.000172704 0 
1 1 0 0.00347047 5.86 0 -0.0890826 -0.0890826 0.000172313 0 
1 1 0 0.00247396 5.86 0 -0.0891661 -0.0891661 0.000171924 0 
1 1 0 0.00147745 5.86 0 -0.0892495 -0.0892495 0.000171537 0 
1 1 0 0.00048093 5.86 0 -0.0893329 -0.0893329 0.000171151 0 
1 1 0 -0.000515596 5.86 0 -0.0894162 -0.0894162 0.000170767 0 
