2 1 0 0.5 7.83 0 0 0 3.37806e-05 0 
1 1 0 0.5 7.83 0 2.21815e-11 2.21815e-11 1.6469e-08 0 
1 1 0 0.5 7.83 0 4.4363e-11 4.4363e-11 1.6469e-08 0 
1 1 0 0.5 7.83 0 8.8726e-11 8.8726e-11 1.6469e-08 0 
1 1 0 0.5 7.83 0 1.77452e-10 1.77452e-10 1.6469e-08 0 
1 1 0 0.5 7.83 0 3.54904e-10 3.54904e-10 1.6469e-08 0 
1 1 0 0.5 7.83 0 7.09808e-10 7.09808e-10 1.6469e-08 0 
1 1 0 0.5 7.83 0 1.41962e-09 1.41962e-09 1.6469e-08 0 
1 1 0 0.5 7.83 0 2.83923e-09 2.83923e-09 1.6469e-08 0 
1 1 0 0.5 7.83 0 5.67847e-09 5.67847e-09 1.6469e-08 0 
1 1 0 0.5 7.83 0 1.13569e-08 1.13569e-08 1.6469e-08 0 
1 1 0 0.5 7.83 0 2.27139e-08 2.27139e-08 1.6469e-08 0 
1 1 0 0.5 7.83 0 4.54277e-08 4.54277e-08 1.6469e-08 0 
1 1 0 0.500001 7.83 0 9.08555e-08 9.08555e-08 1.6469e-08 0 
1 1 0 0.500002 7.83 0 1.81711e-07 1.81711e-07 1.6469e-08 0 
1 1 0 0.500003 7.83 0 3.63422e-07 3.63422e-07 1.6469e-08 0 
1 1 0 0.500007 7.83 0 7.26844e-07 7.26844e-07 1.6469e-08 0 
1 1 0 0.500013 7.83 0 1.45369e-06 1.45369e-06 1.6469e-08 0 
1 1 0 0.500026 7.83 0 2.90738e-06 2.90738e-06 1.6469e-08 0 
1 1 0 0.500052 7.83 0 5.81475e-06 5.81475e-06 1.6469e-08 0 
1 1 0 0.500104 7.83 0 1.16295e-05 1.16295e-05 1.6469e-08 0 
1 1 0 0.500208 7.83 0 2.3259e-05 2.3259e-05 1.6469e-08 0 
1 1 0 0.500417 7.83 0 4.6518e-05 4.6518e-05 1.6469e-08 0 
1 1 0 0.500834 7.83 0 9.3036e-05 9.3036e-05 1.64691e-08 0 
1 1 0 0.501667 7.83 0 0.000186072 0.000186072 1.64693e-08 0 
1 1 0 0.502661 7.83 0 0.000296981 0.000296981 1.64698e-08 0 
1 1 0 0.503655 7.83 0 0.00040789 0.00040789 1.64706e-08 0 
1 1 0 0.504649 7.83 0 0.000518801 0.000518801 1.64724e-08 0 
1 1 0 0.505643 7.83 0 0.000629715 0.000629715 1.64887e-08 0 
1 1 0 0.506637 7.83 0 0.00074065 0.00074065 1.65987e-08 0 
1 1 0 0.50763 7.83 0 0.000851677 0.000851677 1.70295e-08 0 
1 1 0 0.508624 7.83 0 0.000962977 0.000962977 1.82172e-08 0 
1 1 0 0.509618 7.83 0 0.0010749 0.0010749 2.0894e-08 0 
1 1 0 0.510611 7.83 0 0.00118797 0.00118797 2.63916e-08 0 
1 1 0 0.511605 7.83 0 0.00130292 0.00130292 3.75099e-08 0 
1 1 0 0.512598 7.83 0 0.00142067 0.00142067 6.08779e-08 0 
1 1 0 0.51359 7.83 0 0.00154235 0.00154235 1.13795e-07 0 
1 1 0 0.514582 7.83 0 0.00166937 0.00166937 2.45944e-07 0 
1 1 0 0.515573 7.83 0 0.00180349 0.00180349 6.15255e-07 0 
1 1 0 0.516563 7.83 0 0.001947 0.001947 1.78137e-06 0 
1 1 0 0.517551 7.83 0 0.00210305 0.00210305 5.97285e-06 0 
1 1 0 0.518536 7.83 0 0.00227613 0.00227613 2.32683e-05 0 
1 1 0 0.519517 7.83 0 0.00247325 0.00247325 0.000106276 0 
1 1 0 0.52049 7.83 0 0.00270636 0.00270636 0.000581049 0 
1 1 0 0.521448 7.83 0 0.0029991 0.0029991 0.00398449 0 
1 1 0 0.522357 7.83 0 0.00341572 0.00341572 0.0394564 0 
1 1 0 0.522997 7.83 0 0.00419146 0.00419146 0.773002 0 
2 1 0 0.522998 7.83 0 0.00437347 0.00437347 1.26756 0 
2 1 0 0.522493 7.83 0 0.00523735 0.00523735 6.14237 0 
2 1 0 0.521742 7.83 0 0.00589956 0.00589956 11.0335 0 
2 1 0 0.520933 7.83 0 0.00649463 0.00649463 13.8201 0 
2 1 0 0.520111 7.83 0 0.0070648 0.0070648 14.2599 0 
2 1 0 0.51929 7.83 0 0.00763519 0.00763519 12.9644 0 
2 1 0 0.51848 7.83 0 0.00822275 0.00822275 10.7152 0 
2 1 0 0.517695 7.83 0 0.00884344 0.00884344 8.17257 0 
2 1 0 0.516952 7.83 0 0.00951568 0.00951568 5.78151 0 
2 1 0 0.51628 7.83 0 0.0102635 0.0102635 3.78457 0 
2 1 0 0.515743 7.83 0 0.0111069 0.0111069 2.28945 0 
2 1 0 0.515433 7.83 0 0.0120585 0.0120585 1.28724 0 
1 1 0 0.515401 7.83 0 0.0124812 0.0124812 0.998114 0 
1 1 0 0.515582 7.83 0 0.0134676 0.0134676 0.557117 0 
1 1 0 0.51605 7.83 0 0.0143525 0.0143525 0.336083 0 
1 1 0 0.516692 7.83 0 0.0151202 0.0151202 0.220335 0 
1 1 0 0.517438 7.83 0 0.0157997 0.0157997 0.153712 0 
1 1 0 0.518241 7.83 0 0.0164026 0.0164026 0.112908 0 
1 1 0 0.519082 7.83 0 0.0169487 0.0169487 0.0861502 0 
1 1 0 0.519948 7.83 0 0.0174511 0.0174511 0.0676811 0 
1 1 0 0.520833 7.83 0 0.0179184 0.0179184 0.0544204 0 
1 1 0 0.521732 7.83 0 0.0183569 0.0183569 0.044594 0 
1 1 0 0.522643 7.83 0 0.0187714 0.0187714 0.037122 0 
1 1 0 0.523562 7.83 0 0.0191654 0.0191654 0.0313167 0 
1 1 0 0.524489 7.83 0 0.0195417 0.0195417 0.0267232 0 
1 1 0 0.525422 7.83 0 0.0199025 0.0199025 0.0230312 0 
1 1 0 0.52636 7.83 0 0.0202496 0.0202496 0.0200231 0 
1 1 0 0.527302 7.83 0 0.0205846 0.0205846 0.0175428 0 
1 1 0 0.528248 7.83 0 0.0209087 0.0209087 0.015476 0 
1 1 0 0.529197 7.83 0 0.0212229 0.0212229 0.0137375 0 
1 1 0 0.53015 7.83 0 0.0215281 0.0215281 0.0122627 0 
1 1 0 0.531105 7.83 0 0.0218251 0.0218251 0.0110019 0 
1 1 0 0.532062 7.83 0 0.0221146 0.0221146 0.00991678 0 
1 1 0 0.533021 7.83 0 0.0223971 0.0223971 0.00897679 0 
1 1 0 0.533982 7.83 0 0.0226732 0.0226732 0.00815781 0 
1 1 0 0.534945 7.83 0 0.0229433 0.0229433 0.00744045 0 
1 1 0 0.53591 7.83 0 0.0232078 0.0232078 0.006809 0 
1 1 0 0.536875 7.83 0 0.023467 0.023467 0.00625064 0 
1 1 0 0.537842 7.83 0 0.0237214 0.0237214 0.0057548 0 
1 1 0 0.538811 7.83 0 0.0239712 0.0239712 0.00531273 0 
1 1 0 0.53978 7.83 0 0.0242166 0.0242166 0.00491716 0 
1 1 0 0.540751 7.83 0 0.0244579 0.0244579 0.00456196 0 
1 1 0 0.541722 7.83 0 0.0246953 0.0246953 0.00424198 0 
1 1 0 0.542694 7.83 0 0.0249291 0.0249291 0.00395284 0 
1 1 0 0.543668 7.83 0 0.0251593 0.0251593 0.00369081 0 
1 1 0 0.544641 7.83 0 0.0253862 0.0253862 0.00345272 0 
1 1 0 0.545616 7.83 0 0.02561 0.02561 0.0032358 0 
1 1 0 0.546591 7.83 0 0.0258307 0.0258307 0.00303771 0 
1 1 0 0.547567 7.83 0 0.0260485 0.0260485 0.00285638 0 
1 1 0 0.548544 7.83 0 0.0262635 0.0262635 0.00269004 0 
1 1 0 0.549521 7.83 0 0.0264759 0.0264759 0.00253712 0 
1 1 0 0.550499 7.83 0 0.0266858 0.0266858 0.00239626 0 
1 1 0 0.551477 7.83 0 0.0268931 0.0268931 0.00226626 0 
2 1 0 0.551477 7.83 0 0.0268931 0.0268931 0.00226626 0 
1 1 0 0.551477 7.83 0 0.0268931 0.0268931 0.00226626 0 
1 1 0 0.551477 7.83 0 0.0268931 0.0268931 0.00226626 0 
1 1 0 0.551477 7.83 0 0.0268931 0.0268931 0.00226626 0 
1 1 0 0.551477 7.83 0 0.0268931 0.0268931 0.00226626 0 
1 1 0 0.551477 7.83 0 0.0268931 0.0268931 0.00226626 0 
1 1 0 0.551477 7.83 0 0.0268931 0.0268931 0.00226626 0 
1 1 0 0.551477 7.83 0 0.0268931 0.0268931 0.00226626 0 
1 1 0 0.551477 7.83 0 0.0268931 0.0268931 0.00226626 0 
1 1 0 0.551477 7.83 0 0.0268932 0.0268932 0.00226626 0 
1 1 0 0.551477 7.83 0 0.0268932 0.0268932 0.00226625 0 
1 1 0 0.551477 7.83 0 0.0268932 0.0268932 0.00226624 0 
1 1 0 0.551478 7.83 0 0.0268932 0.0268932 0.00226621 0 
1 1 0 0.551478 7.83 0 0.0268933 0.0268933 0.00226616 0 
1 1 0 0.551479 7.83 0 0.0268935 0.0268935 0.00226606 0 
1 1 0 0.55148 7.83 0 0.0268938 0.0268938 0.00226586 0 
1 1 0 0.551484 7.83 0 0.0268945 0.0268945 0.00226545 0 
1 1 0 0.55149 7.83 0 0.0268958 0.0268958 0.00226463 0 
1 1 0 0.551503 7.83 0 0.0268985 0.0268985 0.00226299 0 
1 1 0 0.551529 7.83 0 0.026904 0.026904 0.00225973 0 
1 1 0 0.55158 7.83 0 0.0269148 0.0269148 0.00225322 0 
1 1 0 0.551682 7.83 0 0.0269363 0.0269363 0.00224028 0 
1 1 0 0.551888 7.83 0 0.0269794 0.0269794 0.00221472 0 
1 1 0 0.552298 7.83 0 0.0270653 0.0270653 0.00216482 0 
1 1 0 0.55312 7.83 0 0.0272358 0.0272358 0.00206972 0 
1 1 0 0.554099 7.83 0 0.0274371 0.0274371 0.00196395 0 
1 1 0 0.555079 7.83 0 0.0276363 0.0276363 0.00186572 0 
1 1 0 0.55606 7.83 0 0.0278334 0.0278334 0.00177435 0 
1 1 0 0.55704 7.83 0 0.0280285 0.0280285 0.00168923 0 
1 1 0 0.558021 7.83 0 0.0282217 0.0282217 0.00160983 0 
1 1 0 0.559003 7.83 0 0.028413 0.028413 0.00153567 0 
1 1 0 0.559985 7.83 0 0.0286025 0.0286025 0.00146629 0 
1 1 0 0.560967 7.83 0 0.0287903 0.0287903 0.00140132 0 
1 1 0 0.56195 7.83 0 0.0289765 0.0289765 0.0013404 0 
1 1 0 0.562932 7.83 0 0.029161 0.029161 0.0012832 0 
1 1 0 0.563916 7.83 0 0.0293439 0.0293439 0.00122944 0 
1 1 0 0.564899 7.83 0 0.0295252 0.0295252 0.00117886 0 
1 1 0 0.565883 7.83 0 0.0297051 0.0297051 0.00113122 0 
1 1 0 0.566867 7.83 0 0.0298835 0.0298835 0.0010863 0 
1 1 0 0.567851 7.83 0 0.0300605 0.0300605 0.00104391 0 
1 1 0 0.568835 7.83 0 0.0302362 0.0302362 0.00100386 0 
1 1 0 0.56982 7.83 0 0.0304105 0.0304105 0.00096599 0 
1 1 0 0.570805 7.83 0 0.0305835 0.0305835 0.000930148 0 
1 1 0 0.57179 7.83 0 0.0307552 0.0307552 0.000896196 0 
1 1 0 0.572775 7.83 0 0.0309257 0.0309257 0.000864008 0 
1 1 0 0.573761 7.83 0 0.0310949 0.0310949 0.000833467 0 
1 1 0 0.574747 7.83 0 0.031263 0.031263 0.000804464 0 
1 1 0 0.575733 7.83 0 0.03143 0.03143 0.000776903 0 
1 1 0 0.576719 7.83 0 0.0315958 0.0315958 0.000750691 0 
1 1 0 0.577705 7.83 0 0.0317605 0.0317605 0.000725743 0 
1 1 0 0.578692 7.83 0 0.0319242 0.0319242 0.000701983 0 
1 1 0 0.579678 7.83 0 0.0320868 0.0320868 0.000679338 0 
1 1 0 0.580665 7.83 0 0.0322483 0.0322483 0.00065774 0 
1 1 0 0.581652 7.83 0 0.0324089 0.0324089 0.000637129 0 
1 1 0 0.58264 7.83 0 0.0325685 0.0325685 0.000617447 0 
1 1 0 0.583627 7.83 0 0.0327271 0.0327271 0.000598639 0 
1 1 0 0.584614 7.83 0 0.0328848 0.0328848 0.000580657 0 
1 1 0 0.585602 7.83 0 0.0330416 0.0330416 0.000563454 0 
1 1 0 0.58659 7.83 0 0.0331975 0.0331975 0.000546986 0 
1 1 0 0.587578 7.83 0 0.0333524 0.0333524 0.000531214 0 
1 1 0 0.588566 7.83 0 0.0335065 0.0335065 0.0005161 0 
1 1 0 0.589554 7.83 0 0.0336598 0.0336598 0.000501608 0 
1 1 0 0.590542 7.83 0 0.0338122 0.0338122 0.000487706 0 
1 1 0 0.591531 7.83 0 0.0339638 0.0339638 0.000474362 0 
1 1 0 0.592519 7.83 0 0.0341147 0.0341147 0.000461549 0 
1 1 0 0.593508 7.83 0 0.0342647 0.0342647 0.000449239 0 
1 1 0 0.594497 7.83 0 0.0344139 0.0344139 0.000437406 0 
1 1 0 0.595486 7.83 0 0.0345624 0.0345624 0.000426027 0 
1 1 0 0.596475 7.83 0 0.0347101 0.0347101 0.00041508 0 
1 1 0 0.597464 7.83 0 0.0348572 0.0348572 0.000404543 0 
1 1 0 0.598453 7.83 0 0.0350034 0.0350034 0.000394397 0 
1 1 0 0.599442 7.83 0 0.035149 0.035149 0.000384623 0 
1 1 0 0.600432 7.83 0 0.0352939 0.0352939 0.000375203 0 
1 1 0 0.601421 7.83 0 0.0354381 0.0354381 0.000366121 0 
1 1 0 0.602411 7.83 0 0.0355816 0.0355816 0.000357361 0 
1 1 0 0.603401 7.83 0 0.0357245 0.0357245 0.000348908 0 
1 1 0 0.604391 7.83 0 0.0358667 0.0358667 0.00034075 0 
1 1 0 0.605381 7.83 0 0.0360083 0.0360083 0.000332871 0 
1 1 0 0.606371 7.83 0 0.0361492 0.0361492 0.000325261 0 
1 1 0 0.607361 7.83 0 0.0362895 0.0362895 0.000317907 0 
1 1 0 0.608351 7.83 0 0.0364292 0.0364292 0.000310798 0 
1 1 0 0.609341 7.83 0 0.0365683 0.0365683 0.000303923 0 
1 1 0 0.610331 7.83 0 0.0367068 0.0367068 0.000297273 0 
1 1 0 0.611322 7.83 0 0.0368447 0.0368447 0.000290838 0 
1 1 0 0.612312 7.83 0 0.0369821 0.0369821 0.000284609 0 
1 1 0 0.613303 7.83 0 0.0371189 0.0371189 0.000278578 0 
1 1 0 0.614294 7.83 0 0.0372551 0.0372551 0.000272736 0 
1 1 0 0.615284 7.83 0 0.0373908 0.0373908 0.000267075 0 
1 1 0 0.616275 7.83 0 0.0375259 0.0375259 0.000261589 0 
1 1 0 0.617266 7.83 0 0.0376605 0.0376605 0.000256271 0 
1 1 0 0.618257 7.83 0 0.0377946 0.0377946 0.000251113 0 
1 1 0 0.619248 7.83 0 0.0379281 0.0379281 0.00024611 0 
1 1 0 0.620239 7.83 0 0.0380611 0.0380611 0.000241255 0 
1 1 0 0.621231 7.83 0 0.0381937 0.0381937 0.000236543 0 
1 1 0 0.622222 7.83 0 0.0383257 0.0383257 0.000231969 0 
1 1 0 0.623213 7.83 0 0.0384572 0.0384572 0.000227526 0 
1 1 0 0.624204 7.83 0 0.0385883 0.0385883 0.000223211 0 
1 1 0 0.625196 7.83 0 0.0387188 0.0387188 0.000219018 0 
1 1 0 0.626187 7.83 0 0.0388489 0.0388489 0.000214943 0 
1 1 0 0.627179 7.83 0 0.0389786 0.0389786 0.000210982 0 
2 1 0 0.627179 7.83 0 0.0389786 0.0389786 0.000210982 0 
1 1 0 0.627179 7.83 0 0.0389786 0.0389786 0.000210982 0 
1 1 0 0.627179 7.83 0 0.0389786 0.0389786 0.000210982 0 
1 1 0 0.627179 7.83 0 0.0389786 0.0389786 0.000210982 0 
1 1 0 0.627179 7.83 0 0.0389786 0.0389786 0.000210982 0 
1 1 0 0.627179 7.83 0 0.0389786 0.0389786 0.000210982 0 
1 1 0 0.627179 7.83 0 0.0389786 0.0389786 0.000210982 0 
1 1 0 0.627179 7.83 0 0.0389786 0.0389786 0.000210982 0 
1 1 0 0.627179 7.83 0 0.0389786 0.0389786 0.000210982 0 
1 1 0 0.627179 7.83 0 0.0389786 0.0389786 0.000210981 0 
1 1 0 0.627179 7.83 0 0.0389786 0.0389786 0.000210981 0 
1 1 0 0.627179 7.83 0 0.0389786 0.0389786 0.000210981 0 
1 1 0 0.627179 7.83 0 0.0389786 0.0389786 0.00021098 0 
1 1 0 0.62718 7.83 0 0.0389787 0.0389787 0.000210978 0 
1 1 0 0.627181 7.83 0 0.0389788 0.0389788 0.000210975 0 
1 1 0 0.627182 7.83 0 0.038979 0.038979 0.000210969 0 
1 1 0 0.627185 7.83 0 0.0389794 0.0389794 0.000210956 0 
1 1 0 0.627192 7.83 0 0.0389803 0.0389803 0.00021093 0 
1 1 0 0.627205 7.83 0 0.038982 0.038982 0.000210879 0 
1 1 0 0.627231 7.83 0 0.0389854 0.0389854 0.000210777 0 
1 1 0 0.627283 7.83 0 0.0389921 0.0389921 0.000210573 0 
1 1 0 0.627387 7.83 0 0.0390057 0.0390057 0.000210165 0 
1 1 0 0.627595 7.83 0 0.0390328 0.0390328 0.000209353 0 
1 1 0 0.628011 7.83 0 0.0390869 0.0390869 0.000207743 0 
1 1 0 0.628843 7.83 0 0.039195 0.039195 0.00020458 0 
1 1 0 0.629834 7.83 0 0.0393234 0.0393234 0.000200903 0 
1 1 0 0.630826 7.83 0 0.0394514 0.0394514 0.000197325 0 
1 1 0 0.631818 7.83 0 0.0395789 0.0395789 0.000193843 0 
1 1 0 0.63281 7.83 0 0.039706 0.039706 0.000190454 0 
1 1 0 0.633802 7.83 0 0.0398326 0.0398326 0.000187154 0 
1 1 0 0.634794 7.83 0 0.0399588 0.0399588 0.000183941 0 
1 1 0 0.635786 7.83 0 0.0400846 0.0400846 0.00018081 0 
1 1 0 0.636778 7.83 0 0.04021 0.04021 0.00017776 0 
1 1 0 0.63777 7.83 0 0.040335 0.040335 0.000174788 0 
1 1 0 0.638762 7.83 0 0.0404596 0.0404596 0.000171891 0 
1 1 0 0.639755 7.83 0 0.0405837 0.0405837 0.000169067 0 
1 1 0 0.640747 7.83 0 0.0407075 0.0407075 0.000166313 0 
1 1 0 0.641739 7.83 0 0.0408309 0.0408309 0.000163627 0 
1 1 0 0.642732 7.83 0 0.0409539 0.0409539 0.000161007 0 
1 1 0 0.643724 7.83 0 0.0410765 0.0410765 0.000158451 0 
1 1 0 0.644717 7.83 0 0.0411987 0.0411987 0.000155956 0 
1 1 0 0.645709 7.83 0 0.0413206 0.0413206 0.000153522 0 
1 1 0 0.646702 7.83 0 0.0414421 0.0414421 0.000151145 0 
1 1 0 0.647694 7.83 0 0.0415632 0.0415632 0.000148824 0 
1 1 0 0.648687 7.83 0 0.041684 0.041684 0.000146557 0 
1 1 0 0.64968 7.83 0 0.0418044 0.0418044 0.000144343 0 
1 1 0 0.650673 7.83 0 0.0419244 0.0419244 0.000142181 0 
1 1 0 0.651665 7.83 0 0.0420441 0.0420441 0.000140067 0 
1 1 0 0.652658 7.83 0 0.0421634 0.0421634 0.000138002 0 
1 1 0 0.653651 7.83 0 0.0422824 0.0422824 0.000135984 0 
1 1 0 0.654644 7.83 0 0.0424011 0.0424011 0.000134011 0 
1 1 0 0.655637 7.83 0 0.0425194 0.0425194 0.000132081 0 
1 1 0 0.65663 7.83 0 0.0426374 0.0426374 0.000130194 0 
1 1 0 0.657623 7.83 0 0.0427551 0.0427551 0.000128349 0 
1 1 0 0.658616 7.83 0 0.0428724 0.0428724 0.000126544 0 
1 1 0 0.659609 7.83 0 0.0429894 0.0429894 0.000124778 0 
1 1 0 0.660603 7.83 0 0.0431061 0.0431061 0.000123049 0 
1 1 0 0.661596 7.83 0 0.0432225 0.0432225 0.000121358 0 
1 1 0 0.662589 7.83 0 0.0433385 0.0433385 0.000119703 0 
1 1 0 0.663582 7.83 0 0.0434543 0.0434543 0.000118082 0 
1 1 0 0.664576 7.83 0 0.0435697 0.0435697 0.000116495 0 
1 1 0 0.665569 7.83 0 0.0436848 0.0436848 0.000114941 0 
1 1 0 0.666562 7.83 0 0.0437996 0.0437996 0.00011342 0 
1 1 0 0.667556 7.83 0 0.0439142 0.0439142 0.000111929 0 
1 1 0 0.668549 7.83 0 0.0440284 0.0440284 0.000110469 0 
1 1 0 0.669543 7.83 0 0.0441423 0.0441423 0.000109038 0 
1 1 0 0.670536 7.83 0 0.044256 0.044256 0.000107636 0 
1 1 0 0.67153 7.83 0 0.0443693 0.0443693 0.000106262 0 
1 1 0 0.672523 7.83 0 0.0444824 0.0444824 0.000104915 0 
1 1 0 0.673517 7.83 0 0.0445952 0.0445952 0.000103595 0 
1 1 0 0.674511 7.83 0 0.0447077 0.0447077 0.0001023 0 
1 1 0 0.675504 7.83 0 0.0448199 0.0448199 0.000101031 0 
1 1 0 0.676498 7.83 0 0.0449318 0.0449318 9.97862e-05 0 
1 1 0 0.677492 7.83 0 0.0450435 0.0450435 9.85654e-05 0 
1 1 0 0.678486 7.83 0 0.0451549 0.0451549 9.73678e-05 0 
1 1 0 0.679479 7.83 0 0.045266 0.045266 9.61929e-05 0 
1 1 0 0.680473 7.83 0 0.0453769 0.0453769 9.50402e-05 0 
1 1 0 0.681467 7.83 0 0.0454875 0.0454875 9.3909e-05 0 
1 1 0 0.682461 7.83 0 0.0455978 0.0455978 9.27989e-05 0 
1 1 0 0.683455 7.83 0 0.0457079 0.0457079 9.17094e-05 0 
1 1 0 0.684449 7.83 0 0.0458177 0.0458177 9.06398e-05 0 
1 1 0 0.685443 7.83 0 0.0459273 0.0459273 8.95898e-05 0 
1 1 0 0.686437 7.83 0 0.0460366 0.0460366 8.85589e-05 0 
1 1 0 0.687431 7.83 0 0.0461456 0.0461456 8.75466e-05 0 
1 1 0 0.688425 7.83 0 0.0462545 0.0462545 8.65525e-05 0 
1 1 0 0.689419 7.83 0 0.046363 0.046363 8.55761e-05 0 
1 1 0 0.690413 7.83 0 0.0464713 0.0464713 8.4617e-05 0 
1 1 0 0.691407 7.83 0 0.0465794 0.0465794 8.36749e-05 0 
1 1 0 0.692401 7.83 0 0.0466872 0.0466872 8.27492e-05 0 
1 1 0 0.693396 7.83 0 0.0467948 0.0467948 8.18397e-05 0 
1 1 0 0.69439 7.83 0 0.0469022 0.0469022 8.0946e-05 0 
1 1 0 0.695384 7.83 0 0.0470093 0.0470093 8.00676e-05 0 
1 1 0 0.696378 7.83 0 0.0471162 0.0471162 7.92043e-05 0 
1 1 0 0.697373 7.83 0 0.0472228 0.0472228 7.83557e-05 0 
1 1 0 0.698367 7.83 0 0.0473292 0.0473292 7.75215e-05 0 
1 1 0 0.699361 7.83 0 0.0474354 0.0474354 7.67013e-05 0 
1 1 0 0.700356 7.83 0 0.0475414 0.0475414 7.58948e-05 0 
1 1 0 0.70135 7.83 0 0.0476471 0.0476471 7.51018e-05 0 
1 1 0 0.702345 7.83 0 0.0477526 0.0477526 7.43219e-05 0 
1 1 0 0.703339 7.83 0 0.0478579 0.0478579 7.35549e-05 0 
2 1 0 0.703339 7.83 0 0.0478579 0.0478579 7.35549e-05 0 
1 1 0 0.703339 7.83 0 0.0478579 0.0478579 7.35549e-05 0 
1 1 0 0.703339 7.83 0 0.0478579 0.0478579 7.35549e-05 0 
1 1 0 0.703339 7.83 0 0.0478579 0.0478579 7.35549e-05 0 
1 1 0 0.703339 7.83 0 0.0478579 0.0478579 7.35549e-05 0 
1 1 0 0.703339 7.83 0 0.0478579 0.0478579 7.35549e-05 0 
1 1 0 0.703339 7.83 0 0.0478579 0.0478579 7.35549e-05 0 
1 1 0 0.703339 7.83 0 0.0478579 0.0478579 7.35549e-05 0 
1 1 0 0.703339 7.83 0 0.0478579 0.0478579 7.35549e-05 0 
1 1 0 0.703339 7.83 0 0.0478579 0.0478579 7.35548e-05 0 
1 1 0 0.703339 7.83 0 0.0478579 0.0478579 7.35548e-05 0 
1 1 0 0.703339 7.83 0 0.0478579 0.0478579 7.35547e-05 0 
1 1 0 0.703339 7.83 0 0.0478579 0.0478579 7.35546e-05 0 
1 1 0 0.70334 7.83 0 0.047858 0.047858 7.35543e-05 0 
1 1 0 0.703341 7.83 0 0.0478581 0.0478581 7.35536e-05 0 
1 1 0 0.703342 7.83 0 0.0478582 0.0478582 7.35524e-05 0 
1 1 0 0.703345 7.83 0 0.0478586 0.0478586 7.35499e-05 0 
1 1 0 0.703352 7.83 0 0.0478593 0.0478593 7.35449e-05 0 
1 1 0 0.703365 7.83 0 0.0478607 0.0478607 7.35349e-05 0 
1 1 0 0.703391 7.83 0 0.0478634 0.0478634 7.3515e-05 0 
1 1 0 0.703443 7.83 0 0.0478689 0.0478689 7.34752e-05 0 
1 1 0 0.703548 7.83 0 0.04788 0.04788 7.33956e-05 0 
1 1 0 0.703756 7.83 0 0.047902 0.047902 7.32369e-05 0 
1 1 0 0.704173 7.83 0 0.0479461 0.0479461 7.29211e-05 0 
1 1 0 0.705007 7.83 0 0.0480341 0.0480341 7.22961e-05 0 
1 1 0 0.706002 7.83 0 0.0481388 0.0481388 7.15621e-05 0 
1 1 0 0.706996 7.83 0 0.0482432 0.0482432 7.08399e-05 0 
1 1 0 0.707991 7.83 0 0.0483475 0.0483475 7.01293e-05 0 
1 1 0 0.708986 7.83 0 0.0484516 0.0484516 6.94301e-05 0 
1 1 0 0.70998 7.83 0 0.0485554 0.0485554 6.8742e-05 0 
1 1 0 0.710975 7.83 0 0.0486591 0.0486591 6.80647e-05 0 
1 1 0 0.711969 7.83 0 0.0487625 0.0487625 6.73981e-05 0 
1 1 0 0.712964 7.83 0 0.0488657 0.0488657 6.67419e-05 0 
1 1 0 0.713959 7.83 0 0.0489687 0.0489687 6.60959e-05 0 
1 1 0 0.714953 7.83 0 0.0490716 0.0490716 6.54599e-05 0 
1 1 0 0.715948 7.83 0 0.0491742 0.0491742 6.48337e-05 0 
1 1 0 0.716943 7.83 0 0.0492766 0.0492766 6.4217e-05 0 
1 1 0 0.717938 7.83 0 0.0493788 0.0493788 6.36098e-05 0 
1 1 0 0.718932 7.83 0 0.0494808 0.0494808 6.30117e-05 0 
1 1 0 0.719927 7.83 0 0.0495826 0.0495826 6.24227e-05 0 
1 1 0 0.720922 7.83 0 0.0496842 0.0496842 6.18425e-05 0 
1 1 0 0.721917 7.83 0 0.0497857 0.0497857 6.12709e-05 0 
1 1 0 0.722912 7.83 0 0.0498869 0.0498869 6.07079e-05 0 
1 1 0 0.723907 7.83 0 0.0499879 0.0499879 6.01531e-05 0 
1 1 0 0.724902 7.83 0 0.0500888 0.0500888 5.96065e-05 0 
1 1 0 0.725897 7.83 0 0.0501895 0.0501895 5.90679e-05 0 
1 1 0 0.726891 7.83 0 0.0502899 0.0502899 5.85371e-05 0 
1 1 0 0.727886 7.83 0 0.0503902 0.0503902 5.8014e-05 0 
1 1 0 0.728881 7.83 0 0.0504903 0.0504903 5.74984e-05 0 
1 1 0 0.729876 7.83 0 0.0505902 0.0505902 5.69902e-05 0 
1 1 0 0.730871 7.83 0 0.05069 0.05069 5.64893e-05 0 
1 1 0 0.731866 7.83 0 0.0507895 0.0507895 5.59955e-05 0 
1 1 0 0.732861 7.83 0 0.0508889 0.0508889 5.55086e-05 0 
1 1 0 0.733857 7.83 0 0.0509881 0.0509881 5.50286e-05 0 
1 1 0 0.734852 7.83 0 0.0510871 0.0510871 5.45553e-05 0 
1 1 0 0.735847 7.83 0 0.051186 0.051186 5.40886e-05 0 
1 1 0 0.736842 7.83 0 0.0512846 0.0512846 5.36283e-05 0 
1 1 0 0.737837 7.83 0 0.0513831 0.0513831 5.31744e-05 0 
1 1 0 0.738832 7.83 0 0.0514814 0.0514814 5.27267e-05 0 
1 1 0 0.739827 7.83 0 0.0515796 0.0515796 5.22852e-05 0 
1 1 0 0.740823 7.83 0 0.0516775 0.0516775 5.18496e-05 0 
1 1 0 0.741818 7.83 0 0.0517753 0.0517753 5.14199e-05 0 
1 1 0 0.742813 7.83 0 0.051873 0.051873 5.09961e-05 0 
1 1 0 0.743808 7.83 0 0.0519704 0.0519704 5.05778e-05 0 
1 1 0 0.744803 7.83 0 0.0520677 0.0520677 5.01652e-05 0 
1 1 0 0.745799 7.83 0 0.0521648 0.0521648 4.97581e-05 0 
1 1 0 0.746794 7.83 0 0.0522618 0.0522618 4.93563e-05 0 
1 1 0 0.747789 7.83 0 0.0523586 0.0523586 4.89598e-05 0 
1 1 0 0.748785 7.83 0 0.0524552 0.0524552 4.85685e-05 0 
1 1 0 0.74978 7.83 0 0.0525517 0.0525517 4.81823e-05 0 
1 1 0 0.750775 7.83 0 0.052648 0.052648 4.78012e-05 0 
1 1 0 0.751771 7.83 0 0.0527442 0.0527442 4.74249e-05 0 
1 1 0 0.752766 7.83 0 0.0528402 0.0528402 4.70535e-05 0 
1 1 0 0.753761 7.83 0 0.052936 0.052936 4.66869e-05 0 
1 1 0 0.754757 7.83 0 0.0530317 0.0530317 4.63249e-05 0 
1 1 0 0.755752 7.83 0 0.0531272 0.0531272 4.59675e-05 0 
1 1 0 0.756748 7.83 0 0.0532225 0.0532225 4.56146e-05 0 
1 1 0 0.757743 7.83 0 0.0533177 0.0533177 4.52662e-05 0 
1 1 0 0.758739 7.83 0 0.0534128 0.0534128 4.49221e-05 0 
1 1 0 0.759734 7.83 0 0.0535077 0.0535077 4.45823e-05 0 
1 1 0 0.76073 7.83 0 0.0536024 0.0536024 4.42468e-05 0 
1 1 0 0.761725 7.83 0 0.053697 0.053697 4.39153e-05 0 
1 1 0 0.762721 7.83 0 0.0537915 0.0537915 4.3588e-05 0 
1 1 0 0.763716 7.83 0 0.0538858 0.0538858 4.32647e-05 0 
1 1 0 0.764712 7.83 0 0.0539799 0.0539799 4.29453e-05 0 
1 1 0 0.765707 7.83 0 0.0540739 0.0540739 4.26298e-05 0 
1 1 0 0.766703 7.83 0 0.0541677 0.0541677 4.23181e-05 0 
1 1 0 0.767699 7.83 0 0.0542614 0.0542614 4.20102e-05 0 
1 1 0 0.768694 7.83 0 0.054355 0.054355 4.17059e-05 0 
1 1 0 0.76969 7.83 0 0.0544484 0.0544484 4.14053e-05 0 
1 1 0 0.770685 7.83 0 0.0545417 0.0545417 4.11083e-05 0 
1 1 0 0.771681 7.83 0 0.0546348 0.0546348 4.08148e-05 0 
1 1 0 0.772677 7.83 0 0.0547278 0.0547278 4.05247e-05 0 
1 1 0 0.773672 7.83 0 0.0548206 0.0548206 4.02381e-05 0 
1 1 0 0.774668 7.83 0 0.0549133 0.0549133 3.99548e-05 0 
1 1 0 0.775664 7.83 0 0.0550059 0.0550059 3.96748e-05 0 
1 1 0 0.77666 7.83 0 0.0550983 0.0550983 3.93981e-05 0 
1 1 0 0.777655 7.83 0 0.0551906 0.0551906 3.91245e-05 0 
1 1 0 0.778651 7.83 0 0.0552827 0.0552827 3.88541e-05 0 
1 1 0 0.779647 7.83 0 0.0553747 0.0553747 3.85868e-05 0 
2 1 0 0.779647 7.83 0 0.0553747 0.0553747 3.85868e-05 0 
1 1 0 0.779647 7.83 0 0.0553747 0.0553747 3.85868e-05 0 
1 1 0 0.779647 7.83 0 0.0553747 0.0553747 3.85868e-05 0 
1 1 0 0.779647 7.83 0 0.0553747 0.0553747 3.85868e-05 0 
1 1 0 0.779647 7.83 0 0.0553747 0.0553747 3.85868e-05 0 
1 1 0 0.779647 7.83 0 0.0553747 0.0553747 3.85868e-05 0 
1 1 0 0.779647 7.83 0 0.0553747 0.0553747 3.85868e-05 0 
1 1 0 0.779647 7.83 0 0.0553747 0.0553747 3.85868e-05 0 
1 1 0 0.779647 7.83 0 0.0553747 0.0553747 3.85868e-05 0 
1 1 0 0.779647 7.83 0 0.0553747 0.0553747 3.85868e-05 0 
1 1 0 0.779647 7.83 0 0.0553747 0.0553747 3.85868e-05 0 
1 1 0 0.779647 7.83 0 0.0553747 0.0553747 3.85867e-05 0 
1 1 0 0.779647 7.83 0 0.0553747 0.0553747 3.85867e-05 0 
1 1 0 0.779648 7.83 0 0.0553748 0.0553748 3.85866e-05 0 
1 1 0 0.779648 7.83 0 0.0553749 0.0553749 3.85864e-05 0 
1 1 0 0.77965 7.83 0 0.055375 0.055375 3.85859e-05 0 
1 1 0 0.779653 7.83 0 0.0553753 0.0553753 3.85851e-05 0 
1 1 0 0.77966 7.83 0 0.0553759 0.0553759 3.85833e-05 0 
1 1 0 0.779673 7.83 0 0.0553771 0.0553771 3.85798e-05 0 
1 1 0 0.779699 7.83 0 0.0553795 0.0553795 3.85729e-05 0 
1 1 0 0.779751 7.83 0 0.0553843 0.0553843 3.85589e-05 0 
1 1 0 0.779856 7.83 0 0.055394 0.055394 3.85311e-05 0 
1 1 0 0.780064 7.83 0 0.0554133 0.0554133 3.84756e-05 0 
1 1 0 0.780482 7.83 0 0.0554518 0.0554518 3.83649e-05 0 
1 1 0 0.781317 7.83 0 0.0555288 0.0555288 3.81452e-05 0 
1 1 0 0.782313 7.83 0 0.0556204 0.0556204 3.78859e-05 0 
1 1 0 0.783309 7.83 0 0.0557119 0.0557119 3.76296e-05 0 
1 1 0 0.784305 7.83 0 0.0558033 0.0558033 3.73762e-05 0 
1 1 0 0.785301 7.83 0 0.0558945 0.0558945 3.71256e-05 0 
1 1 0 0.786297 7.83 0 0.0559856 0.0559856 3.68778e-05 0 
1 1 0 0.787292 7.83 0 0.0560766 0.0560766 3.66327e-05 0 
1 1 0 0.788288 7.83 0 0.0561674 0.0561674 3.63904e-05 0 
1 1 0 0.789284 7.83 0 0.0562581 0.0562581 3.61507e-05 0 
1 1 0 0.79028 7.83 0 0.0563487 0.0563487 3.59137e-05 0 
1 1 0 0.791276 7.83 0 0.0564392 0.0564392 3.56793e-05 0 
1 1 0 0.792272 7.83 0 0.0565295 0.0565295 3.54474e-05 0 
1 1 0 0.793268 7.83 0 0.0566197 0.0566197 3.5218e-05 0 
1 1 0 0.794264 7.83 0 0.0567097 0.0567097 3.49911e-05 0 
1 1 0 0.79526 7.83 0 0.0567997 0.0567997 3.47667e-05 0 
1 1 0 0.796256 7.83 0 0.0568895 0.0568895 3.45446e-05 0 
1 1 0 0.797252 7.83 0 0.0569792 0.0569792 3.43249e-05 0 
1 1 0 0.798248 7.83 0 0.0570687 0.0570687 3.41076e-05 0 
1 1 0 0.799244 7.83 0 0.0571582 0.0571582 3.38926e-05 0 
1 1 0 0.80024 7.83 0 0.0572475 0.0572475 3.36798e-05 0 
1 1 0 0.801236 7.83 0 0.0573367 0.0573367 3.34693e-05 0 
1 1 0 0.802232 7.83 0 0.0574258 0.0574258 3.3261e-05 0 
1 1 0 0.803228 7.83 0 0.0575147 0.0575147 3.30548e-05 0 
1 1 0 0.804224 7.83 0 0.0576035 0.0576035 3.28508e-05 0 
1 1 0 0.80522 7.83 0 0.0576922 0.0576922 3.2649e-05 0 
1 1 0 0.806216 7.83 0 0.0577808 0.0577808 3.24492e-05 0 
1 1 0 0.807212 7.83 0 0.0578693 0.0578693 3.22514e-05 0 
1 1 0 0.808208 7.83 0 0.0579576 0.0579576 3.20557e-05 0 
1 1 0 0.809204 7.83 0 0.0580458 0.0580458 3.1862e-05 0 
1 1 0 0.8102 7.83 0 0.058134 0.058134 3.16702e-05 0 
1 1 0 0.811196 7.83 0 0.0582219 0.0582219 3.14804e-05 0 
1 1 0 0.812192 7.83 0 0.0583098 0.0583098 3.12925e-05 0 
1 1 0 0.813189 7.83 0 0.0583976 0.0583976 3.11065e-05 0 
1 1 0 0.814185 7.83 0 0.0584852 0.0584852 3.09224e-05 0 
1 1 0 0.815181 7.83 0 0.0585727 0.0585727 3.07401e-05 0 
1 1 0 0.816177 7.83 0 0.0586602 0.0586602 3.05596e-05 0 
1 1 0 0.817173 7.83 0 0.0587475 0.0587475 3.03809e-05 0 
1 1 0 0.818169 7.83 0 0.0588346 0.0588346 3.0204e-05 0 
1 1 0 0.819166 7.83 0 0.0589217 0.0589217 3.00288e-05 0 
1 1 0 0.820162 7.83 0 0.0590087 0.0590087 2.98554e-05 0 
1 1 0 0.821158 7.83 0 0.0590955 0.0590955 2.96836e-05 0 
1 1 0 0.822154 7.83 0 0.0591823 0.0591823 2.95135e-05 0 
1 1 0 0.823151 7.83 0 0.0592689 0.0592689 2.9345e-05 0 
1 1 0 0.824147 7.83 0 0.0593554 0.0593554 2.91782e-05 0 
1 1 0 0.825143 7.83 0 0.0594418 0.0594418 2.9013e-05 0 
1 1 0 0.826139 7.83 0 0.0595281 0.0595281 2.88494e-05 0 
1 1 0 0.827136 7.83 0 0.0596143 0.0596143 2.86873e-05 0 
1 1 0 0.828132 7.83 0 0.0597003 0.0597003 2.85268e-05 0 
1 1 0 0.829128 7.83 0 0.0597863 0.0597863 2.83678e-05 0 
1 1 0 0.830124 7.83 0 0.0598722 0.0598722 2.82103e-05 0 
1 1 0 0.831121 7.83 0 0.0599579 0.0599579 2.80543e-05 0 
1 1 0 0.832117 7.83 0 0.0600436 0.0600436 2.78998e-05 0 
1 1 0 0.833113 7.83 0 0.0601291 0.0601291 2.77467e-05 0 
1 1 0 0.83411 7.83 0 0.0602145 0.0602145 2.75951e-05 0 
1 1 0 0.835106 7.83 0 0.0602999 0.0602999 2.74448e-05 0 
1 1 0 0.836103 7.83 0 0.0603851 0.0603851 2.7296e-05 0 
1 1 0 0.837099 7.83 0 0.0604702 0.0604702 2.71485e-05 0 
1 1 0 0.838095 7.83 0 0.0605552 0.0605552 2.70024e-05 0 
1 1 0 0.839092 7.83 0 0.0606401 0.0606401 2.68576e-05 0 
1 1 0 0.840088 7.83 0 0.0607249 0.0607249 2.67142e-05 0 
1 1 0 0.841084 7.83 0 0.0608096 0.0608096 2.6572e-05 0 
1 1 0 0.842081 7.83 0 0.0608942 0.0608942 2.64312e-05 0 
1 1 0 0.843077 7.83 0 0.0609787 0.0609787 2.62916e-05 0 
1 1 0 0.844074 7.83 0 0.0610631 0.0610631 2.61533e-05 0 
1 1 0 0.84507 7.83 0 0.0611474 0.0611474 2.60162e-05 0 
1 1 0 0.846067 7.83 0 0.0612316 0.0612316 2.58804e-05 0 
1 1 0 0.847063 7.83 0 0.0613157 0.0613157 2.57457e-05 0 
1 1 0 0.84806 7.83 0 0.0613997 0.0613997 2.56123e-05 0 
1 1 0 0.849056 7.83 0 0.0614836 0.0614836 2.54801e-05 0 
1 1 0 0.850053 7.83 0 0.0615674 0.0615674 2.5349e-05 0 
1 1 0 0.851049 7.83 0 0.0616511 0.0616511 2.52191e-05 0 
1 1 0 0.852046 7.83 0 0.0617347 0.0617347 2.50903e-05 0 
1 1 0 0.853042 7.83 0 0.0618182 0.0618182 2.49626e-05 0 
1 1 0 0.854039 7.83 0 0.0619016 0.0619016 2.48361e-05 0 
1 1 0 0.855035 7.83 0 0.0619849 0.0619849 2.47107e-05 0 
1 1 0 0.856032 7.83 0 0.0620682 0.0620682 2.45863e-05 0 
2 1 0 0.856032 7.83 0 0.0620682 0.0620682 2.45863e-05 0 
1 1 0 0.856032 7.83 0 0.0620682 0.0620682 2.45863e-05 0 
1 1 0 0.856032 7.83 0 0.0620682 0.0620682 2.45863e-05 0 
1 1 0 0.856032 7.83 0 0.0620682 0.0620682 2.45863e-05 0 
1 1 0 0.856032 7.83 0 0.0620682 0.0620682 2.45863e-05 0 
1 1 0 0.856032 7.83 0 0.0620682 0.0620682 2.45863e-05 0 
1 1 0 0.856032 7.83 0 0.0620682 0.0620682 2.45863e-05 0 
1 1 0 0.856032 7.83 0 0.0620682 0.0620682 2.45863e-05 0 
1 1 0 0.856032 7.83 0 0.0620682 0.0620682 2.45863e-05 0 
1 1 0 0.856032 7.83 0 0.0620682 0.0620682 2.45863e-05 0 
1 1 0 0.856032 7.83 0 0.0620682 0.0620682 2.45863e-05 0 
1 1 0 0.856032 7.83 0 0.0620682 0.0620682 2.45863e-05 0 
1 1 0 0.856032 7.83 0 0.0620682 0.0620682 2.45863e-05 0 
1 1 0 0.856032 7.83 0 0.0620682 0.0620682 2.45862e-05 0 
1 1 0 0.856033 7.83 0 0.0620683 0.0620683 2.45861e-05 0 
1 1 0 0.856035 7.83 0 0.0620684 0.0620684 2.45859e-05 0 
1 1 0 0.856038 7.83 0 0.0620687 0.0620687 2.45855e-05 0 
1 1 0 0.856045 7.83 0 0.0620692 0.0620692 2.45847e-05 0 
1 1 0 0.856058 7.83 0 0.0620703 0.0620703 2.45831e-05 0 
1 1 0 0.856084 7.83 0 0.0620725 0.0620725 2.45798e-05 0 
1 1 0 0.856136 7.83 0 0.0620769 0.0620769 2.45734e-05 0 
1 1 0 0.856241 7.83 0 0.0620856 0.0620856 2.45604e-05 0 
1 1 0 0.85645 7.83 0 0.062103 0.062103 2.45345e-05 0 
1 1 0 0.856868 7.83 0 0.0621379 0.0621379 2.44829e-05 0 
1 1 0 0.857704 7.83 0 0.0622075 0.0622075 2.43801e-05 0 
1 1 0 0.8587 7.83 0 0.0622905 0.0622905 2.42586e-05 0 
1 1 0 0.859697 7.83 0 0.0623734 0.0623734 2.41382e-05 0 
1 1 0 0.860693 7.83 0 0.0624561 0.0624561 2.40188e-05 0 
1 1 0 0.86169 7.83 0 0.0625388 0.0625388 2.39004e-05 0 
1 1 0 0.862686 7.83 0 0.0626214 0.0626214 2.3783e-05 0 
1 1 0 0.863683 7.83 0 0.0627039 0.0627039 2.36666e-05 0 
1 1 0 0.86468 7.83 0 0.0627863 0.0627863 2.35511e-05 0 
1 1 0 0.865676 7.83 0 0.0628685 0.0628685 2.34367e-05 0 
1 1 0 0.866673 7.83 0 0.0629508 0.0629508 2.33232e-05 0 
1 1 0 0.867669 7.83 0 0.0630329 0.0630329 2.32107e-05 0 
1 1 0 0.868666 7.83 0 0.0631149 0.0631149 2.30991e-05 0 
1 1 0 0.869663 7.83 0 0.0631968 0.0631968 2.29884e-05 0 
1 1 0 0.870659 7.83 0 0.0632787 0.0632787 2.28786e-05 0 
1 1 0 0.871656 7.83 0 0.0633604 0.0633604 2.27698e-05 0 
1 1 0 0.872653 7.83 0 0.0634421 0.0634421 2.26618e-05 0 
1 1 0 0.873649 7.83 0 0.0635236 0.0635236 2.25547e-05 0 
1 1 0 0.874646 7.83 0 0.0636051 0.0636051 2.24485e-05 0 
1 1 0 0.875643 7.83 0 0.0636865 0.0636865 2.23432e-05 0 
1 1 0 0.876639 7.83 0 0.0637678 0.0637678 2.22387e-05 0 
1 1 0 0.877636 7.83 0 0.063849 0.063849 2.21351e-05 0 
1 1 0 0.878633 7.83 0 0.0639301 0.0639301 2.20323e-05 0 
1 1 0 0.879629 7.83 0 0.0640111 0.0640111 2.19304e-05 0 
1 1 0 0.880626 7.83 0 0.0640921 0.0640921 2.18292e-05 0 
1 1 0 0.881623 7.83 0 0.064173 0.064173 2.17289e-05 0 
1 1 0 0.88262 7.83 0 0.0642537 0.0642537 2.16294e-05 0 
1 1 0 0.883616 7.83 0 0.0643344 0.0643344 2.15306e-05 0 
1 1 0 0.884613 7.83 0 0.064415 0.064415 2.14327e-05 0 
1 1 0 0.88561 7.83 0 0.0644955 0.0644955 2.13355e-05 0 
1 1 0 0.886607 7.83 0 0.0645759 0.0645759 2.12391e-05 0 
1 1 0 0.887603 7.83 0 0.0646563 0.0646563 2.11434e-05 0 
1 1 0 0.8886 7.83 0 0.0647365 0.0647365 2.10485e-05 0 
1 1 0 0.889597 7.83 0 0.0648167 0.0648167 2.09543e-05 0 
1 1 0 0.890594 7.83 0 0.0648968 0.0648968 2.08609e-05 0 
1 1 0 0.891591 7.83 0 0.0649768 0.0649768 2.07682e-05 0 
1 1 0 0.892587 7.83 0 0.0650567 0.0650567 2.06762e-05 0 
1 1 0 0.893584 7.83 0 0.0651365 0.0651365 2.0585e-05 0 
1 1 0 0.894581 7.83 0 0.0652163 0.0652163 2.04944e-05 0 
1 1 0 0.895578 7.83 0 0.065296 0.065296 2.04045e-05 0 
1 1 0 0.896575 7.83 0 0.0653755 0.0653755 2.03153e-05 0 
1 1 0 0.897571 7.83 0 0.065455 0.065455 2.02268e-05 0 
1 1 0 0.898568 7.83 0 0.0655345 0.0655345 2.0139e-05 0 
1 1 0 0.899565 7.83 0 0.0656138 0.0656138 2.00518e-05 0 
1 1 0 0.900562 7.83 0 0.0656931 0.0656931 1.99653e-05 0 
1 1 0 0.901559 7.83 0 0.0657722 0.0657722 1.98795e-05 0 
1 1 0 0.902556 7.83 0 0.0658513 0.0658513 1.97943e-05 0 
1 1 0 0.903553 7.83 0 0.0659303 0.0659303 1.97097e-05 0 
1 1 0 0.904549 7.83 0 0.0660093 0.0660093 1.96257e-05 0 
1 1 0 0.905546 7.83 0 0.0660881 0.0660881 1.95424e-05 0 
1 1 0 0.906543 7.83 0 0.0661669 0.0661669 1.94598e-05 0 
1 1 0 0.90754 7.83 0 0.0662456 0.0662456 1.93777e-05 0 
1 1 0 0.908537 7.83 0 0.0663242 0.0663242 1.92962e-05 0 
1 1 0 0.909534 7.83 0 0.0664027 0.0664027 1.92153e-05 0 
1 1 0 0.910531 7.83 0 0.0664812 0.0664812 1.91351e-05 0 
1 1 0 0.911528 7.83 0 0.0665596 0.0665596 1.90554e-05 0 
1 1 0 0.912525 7.83 0 0.0666379 0.0666379 1.89763e-05 0 
1 1 0 0.913522 7.83 0 0.0667161 0.0667161 1.88978e-05 0 
1 1 0 0.914519 7.83 0 0.0667942 0.0667942 1.88198e-05 0 
1 1 0 0.915516 7.83 0 0.0668723 0.0668723 1.87424e-05 0 
1 1 0 0.916513 7.83 0 0.0669503 0.0669503 1.86656e-05 0 
1 1 0 0.917509 7.83 0 0.0670282 0.0670282 1.85893e-05 0 
1 1 0 0.918506 7.83 0 0.067106 0.067106 1.85136e-05 0 
1 1 0 0.919503 7.83 0 0.0671838 0.0671838 1.84384e-05 0 
1 1 0 0.9205 7.83 0 0.0672615 0.0672615 1.83638e-05 0 
1 1 0 0.921497 7.83 0 0.0673391 0.0673391 1.82897e-05 0 
1 1 0 0.922494 7.83 0 0.0674166 0.0674166 1.82161e-05 0 
1 1 0 0.923491 7.83 0 0.0674941 0.0674941 1.8143e-05 0 
1 1 0 0.924488 7.83 0 0.0675714 0.0675714 1.80705e-05 0 
1 1 0 0.925485 7.83 0 0.0676487 0.0676487 1.79985e-05 0 
1 1 0 0.926482 7.83 0 0.067726 0.067726 1.79269e-05 0 
1 1 0 0.927479 7.83 0 0.0678031 0.0678031 1.78559e-05 0 
1 1 0 0.928476 7.83 0 0.0678802 0.0678802 1.77854e-05 0 
1 1 0 0.929473 7.83 0 0.0679572 0.0679572 1.77154e-05 0 
1 1 0 0.930471 7.83 0 0.0680342 0.0680342 1.76458e-05 0 
1 1 0 0.931468 7.83 0 0.068111 0.068111 1.75768e-05 0 
1 1 0 0.932465 7.83 0 0.0681878 0.0681878 1.75082e-05 0 
2 1 0 0.5 7.83 0 0 0 1.75082e-05 0 
1 1 0 0.5 7.83 0 -2.21815e-11 -2.21815e-11 1.6469e-08 0 
1 1 0 0.5 7.83 0 -4.4363e-11 -4.4363e-11 1.6469e-08 0 
1 1 0 0.5 7.83 0 -8.8726e-11 -8.8726e-11 1.6469e-08 0 
1 1 0 0.5 7.83 0 -1.77452e-10 -1.77452e-10 1.6469e-08 0 
1 1 0 0.5 7.83 0 -3.54904e-10 -3.54904e-10 1.6469e-08 0 
1 1 0 0.5 7.83 0 -7.09808e-10 -7.09808e-10 1.6469e-08 0 
1 1 0 0.5 7.83 0 -1.41962e-09 -1.41962e-09 1.6469e-08 0 
1 1 0 0.5 7.83 0 -2.83923e-09 -2.83923e-09 1.6469e-08 0 
1 1 0 0.5 7.83 0 -5.67847e-09 -5.67847e-09 1.6469e-08 0 
1 1 0 0.5 7.83 0 -1.13569e-08 -1.13569e-08 1.6469e-08 0 
1 1 0 0.5 7.83 0 -2.27139e-08 -2.27139e-08 1.6469e-08 0 
1 1 0 0.5 7.83 0 -4.54277e-08 -4.54277e-08 1.6469e-08 0 
1 1 0 0.499999 7.83 0 -9.08555e-08 -9.08555e-08 1.6469e-08 0 
1 1 0 0.499998 7.83 0 -1.81711e-07 -1.81711e-07 1.6469e-08 0 
1 1 0 0.499997 7.83 0 -3.63422e-07 -3.63422e-07 1.6469e-08 0 
1 1 0 0.499993 7.83 0 -7.26844e-07 -7.26844e-07 1.6469e-08 0 
1 1 0 0.499987 7.83 0 -1.45369e-06 -1.45369e-06 1.6469e-08 0 
1 1 0 0.499974 7.83 0 -2.90738e-06 -2.90738e-06 1.6469e-08 0 
1 1 0 0.499948 7.83 0 -5.81475e-06 -5.81475e-06 1.6469e-08 0 
1 1 0 0.499896 7.83 0 -1.16295e-05 -1.16295e-05 1.6469e-08 0 
1 1 0 0.499792 7.83 0 -2.3259e-05 -2.3259e-05 1.6469e-08 0 
1 1 0 0.499583 7.83 0 -4.6518e-05 -4.6518e-05 1.6469e-08 0 
1 1 0 0.499166 7.83 0 -9.3036e-05 -9.3036e-05 1.64691e-08 0 
1 1 0 0.498333 7.83 0 -0.000186072 -0.000186072 1.64693e-08 0 
1 1 0 0.497339 7.83 0 -0.000296981 -0.000296981 1.64698e-08 0 
1 1 0 0.496345 7.83 0 -0.00040789 -0.00040789 1.64706e-08 0 
1 1 0 0.495351 7.83 0 -0.000518801 -0.000518801 1.64724e-08 0 
1 1 0 0.494357 7.83 0 -0.000629715 -0.000629715 1.64887e-08 0 
1 1 0 0.493363 7.83 0 -0.00074065 -0.00074065 1.65987e-08 0 
1 1 0 0.49237 7.83 0 -0.000851677 -0.000851677 1.70295e-08 0 
1 1 0 0.491376 7.83 0 -0.000962977 -0.000962977 1.82172e-08 0 
1 1 0 0.490382 7.83 0 -0.0010749 -0.0010749 2.0894e-08 0 
1 1 0 0.489389 7.83 0 -0.00118797 -0.00118797 2.63916e-08 0 
1 1 0 0.488395 7.83 0 -0.00130292 -0.00130292 3.75099e-08 0 
1 1 0 0.487402 7.83 0 -0.00142067 -0.00142067 6.08779e-08 0 
1 1 0 0.48641 7.83 0 -0.00154235 -0.00154235 1.13795e-07 0 
1 1 0 0.485418 7.83 0 -0.00166937 -0.00166937 2.45944e-07 0 
1 1 0 0.484427 7.83 0 -0.00180349 -0.00180349 6.15255e-07 0 
1 1 0 0.483437 7.83 0 -0.001947 -0.001947 1.78137e-06 0 
1 1 0 0.482449 7.83 0 -0.00210305 -0.00210305 5.97285e-06 0 
1 1 0 0.481464 7.83 0 -0.00227613 -0.00227613 2.32683e-05 0 
1 1 0 0.480483 7.83 0 -0.00247325 -0.00247325 0.000106276 0 
1 1 0 0.47951 7.83 0 -0.00270636 -0.00270636 0.000581049 0 
1 1 0 0.478552 7.83 0 -0.0029991 -0.0029991 0.00398449 0 
1 1 0 0.477643 7.83 0 -0.00341572 -0.00341572 0.0394564 0 
1 1 0 0.477003 7.83 0 -0.00419146 -0.00419146 0.773002 0 
2 1 0 0.477002 7.83 0 -0.00437347 -0.00437347 1.26756 0 
2 1 0 0.477507 7.83 0 -0.00523735 -0.00523735 6.14237 0 
2 1 0 0.478258 7.83 0 -0.00589956 -0.00589956 11.0335 0 
2 1 0 0.479067 7.83 0 -0.00649463 -0.00649463 13.8201 0 
2 1 0 0.479889 7.83 0 -0.0070648 -0.0070648 14.2599 0 
2 1 0 0.48071 7.83 0 -0.00763519 -0.00763519 12.9644 0 
2 1 0 0.48152 7.83 0 -0.00822275 -0.00822275 10.7152 0 
2 1 0 0.482305 7.83 0 -0.00884344 -0.00884344 8.17257 0 
2 1 0 0.483048 7.83 0 -0.00951568 -0.00951568 5.78151 0 
2 1 0 0.48372 7.83 0 -0.0102635 -0.0102635 3.78457 0 
2 1 0 0.484257 7.83 0 -0.0111069 -0.0111069 2.28945 0 
2 1 0 0.484567 7.83 0 -0.0120585 -0.0120585 1.28724 0 
1 1 0 0.484599 7.83 0 -0.0124812 -0.0124812 0.998114 0 
1 1 0 0.484418 7.83 0 -0.0134676 -0.0134676 0.557117 0 
1 1 0 0.48395 7.83 0 -0.0143525 -0.0143525 0.336083 0 
1 1 0 0.483308 7.83 0 -0.0151202 -0.0151202 0.220335 0 
1 1 0 0.482562 7.83 0 -0.0157997 -0.0157997 0.153712 0 
1 1 0 0.481759 7.83 0 -0.0164026 -0.0164026 0.112908 0 
1 1 0 0.480918 7.83 0 -0.0169487 -0.0169487 0.0861502 0 
1 1 0 0.480052 7.83 0 -0.0174511 -0.0174511 0.0676811 0 
1 1 0 0.479167 7.83 0 -0.0179184 -0.0179184 0.0544204 0 
1 1 0 0.478268 7.83 0 -0.0183569 -0.0183569 0.044594 0 
1 1 0 0.477357 7.83 0 -0.0187714 -0.0187714 0.037122 0 
1 1 0 0.476438 7.83 0 -0.0191654 -0.0191654 0.0313167 0 
1 1 0 0.475511 7.83 0 -0.0195417 -0.0195417 0.0267232 0 
1 1 0 0.474578 7.83 0 -0.0199025 -0.0199025 0.0230312 0 
1 1 0 0.47364 7.83 0 -0.0202496 -0.0202496 0.0200231 0 
1 1 0 0.472698 7.83 0 -0.0205846 -0.0205846 0.0175428 0 
1 1 0 0.471752 7.83 0 -0.0209087 -0.0209087 0.015476 0 
1 1 0 0.470803 7.83 0 -0.0212229 -0.0212229 0.0137375 0 
1 1 0 0.46985 7.83 0 -0.0215281 -0.0215281 0.0122627 0 
1 1 0 0.468895 7.83 0 -0.0218251 -0.0218251 0.0110019 0 
1 1 0 0.467938 7.83 0 -0.0221146 -0.0221146 0.00991678 0 
1 1 0 0.466979 7.83 0 -0.0223971 -0.0223971 0.00897679 0 
1 1 0 0.466018 7.83 0 -0.0226732 -0.0226732 0.00815781 0 
1 1 0 0.465055 7.83 0 -0.0229433 -0.0229433 0.00744045 0 
1 1 0 0.46409 7.83 0 -0.0232078 -0.0232078 0.006809 0 
1 1 0 0.463125 7.83 0 -0.023467 -0.023467 0.00625064 0 
1 1 0 0.462158 7.83 0 -0.0237214 -0.0237214 0.0057548 0 
1 1 0 0.461189 7.83 0 -0.0239712 -0.0239712 0.00531273 0 
1 1 0 0.46022 7.83 0 -0.0242166 -0.0242166 0.00491716 0 
1 1 0 0.459249 7.83 0 -0.0244579 -0.0244579 0.00456196 0 
1 1 0 0.458278 7.83 0 -0.0246953 -0.0246953 0.00424198 0 
1 1 0 0.457306 7.83 0 -0.0249291 -0.0249291 0.00395284 0 
1 1 0 0.456332 7.83 0 -0.0251593 -0.0251593 0.00369081 0 
1 1 0 0.455359 7.83 0 -0.0253862 -0.0253862 0.00345272 0 
1 1 0 0.454384 7.83 0 -0.02561 -0.02561 0.0032358 0 
1 1 0 0.453409 7.83 0 -0.0258307 -0.0258307 0.00303771 0 
1 1 0 0.452433 7.83 0 -0.0260485 -0.0260485 0.00285638 0 
1 1 0 0.451456 7.83 0 -0.0262635 -0.0262635 0.00269004 0 
1 1 0 0.450479 7.83 0 -0.0264759 -0.0264759 0.00253712 0 
1 1 0 0.449501 7.83 0 -0.0266858 -0.0266858 0.00239626 0 
1 1 0 0.448523 7.83 0 -0.0268931 -0.0268931 0.00226626 0 
2 1 0 0.448523 7.83 0 -0.0268931 -0.0268931 0.00226626 0 
1 1 0 0.448523 7.83 0 -0.0268931 -0.0268931 0.00226626 0 
1 1 0 0.448523 7.83 0 -0.0268931 -0.0268931 0.00226626 0 
1 1 0 0.448523 7.83 0 -0.0268931 -0.0268931 0.00226626 0 
1 1 0 0.448523 7.83 0 -0.0268931 -0.0268931 0.00226626 0 
1 1 0 0.448523 7.83 0 -0.0268931 -0.0268931 0.00226626 0 
1 1 0 0.448523 7.83 0 -0.0268931 -0.0268931 0.00226626 0 
1 1 0 0.448523 7.83 0 -0.0268931 -0.0268931 0.00226626 0 
1 1 0 0.448523 7.83 0 -0.0268931 -0.0268931 0.00226626 0 
1 1 0 0.448523 7.83 0 -0.0268932 -0.0268932 0.00226626 0 
1 1 0 0.448523 7.83 0 -0.0268932 -0.0268932 0.00226625 0 
1 1 0 0.448523 7.83 0 -0.0268932 -0.0268932 0.00226624 0 
1 1 0 0.448522 7.83 0 -0.0268932 -0.0268932 0.00226621 0 
1 1 0 0.448522 7.83 0 -0.0268933 -0.0268933 0.00226616 0 
1 1 0 0.448521 7.83 0 -0.0268935 -0.0268935 0.00226606 0 
1 1 0 0.44852 7.83 0 -0.0268938 -0.0268938 0.00226586 0 
1 1 0 0.448516 7.83 0 -0.0268945 -0.0268945 0.00226545 0 
1 1 0 0.44851 7.83 0 -0.0268958 -0.0268958 0.00226463 0 
1 1 0 0.448497 7.83 0 -0.0268985 -0.0268985 0.00226299 0 
1 1 0 0.448471 7.83 0 -0.026904 -0.026904 0.00225973 0 
1 1 0 0.44842 7.83 0 -0.0269148 -0.0269148 0.00225322 0 
1 1 0 0.448318 7.83 0 -0.0269363 -0.0269363 0.00224028 0 
1 1 0 0.448112 7.83 0 -0.0269794 -0.0269794 0.00221472 0 
1 1 0 0.447702 7.83 0 -0.0270653 -0.0270653 0.00216482 0 
1 1 0 0.44688 7.83 0 -0.0272358 -0.0272358 0.00206972 0 
1 1 0 0.445901 7.83 0 -0.0274371 -0.0274371 0.00196395 0 
1 1 0 0.444921 7.83 0 -0.0276363 -0.0276363 0.00186572 0 
1 1 0 0.44394 7.83 0 -0.0278334 -0.0278334 0.00177435 0 
1 1 0 0.44296 7.83 0 -0.0280285 -0.0280285 0.00168923 0 
1 1 0 0.441979 7.83 0 -0.0282217 -0.0282217 0.00160983 0 
1 1 0 0.440997 7.83 0 -0.028413 -0.028413 0.00153567 0 
1 1 0 0.440015 7.83 0 -0.0286025 -0.0286025 0.00146629 0 
1 1 0 0.439033 7.83 0 -0.0287903 -0.0287903 0.00140132 0 
1 1 0 0.43805 7.83 0 -0.0289765 -0.0289765 0.0013404 0 
1 1 0 0.437068 7.83 0 -0.029161 -0.029161 0.0012832 0 
1 1 0 0.436084 7.83 0 -0.0293439 -0.0293439 0.00122944 0 
1 1 0 0.435101 7.83 0 -0.0295252 -0.0295252 0.00117886 0 
1 1 0 0.434117 7.83 0 -0.0297051 -0.0297051 0.00113122 0 
1 1 0 0.433133 7.83 0 -0.0298835 -0.0298835 0.0010863 0 
1 1 0 0.432149 7.83 0 -0.0300605 -0.0300605 0.00104391 0 
1 1 0 0.431165 7.83 0 -0.0302362 -0.0302362 0.00100386 0 
1 1 0 0.43018 7.83 0 -0.0304105 -0.0304105 0.00096599 0 
1 1 0 0.429195 7.83 0 -0.0305835 -0.0305835 0.000930148 0 
1 1 0 0.42821 7.83 0 -0.0307552 -0.0307552 0.000896196 0 
1 1 0 0.427225 7.83 0 -0.0309257 -0.0309257 0.000864008 0 
1 1 0 0.426239 7.83 0 -0.0310949 -0.0310949 0.000833467 0 
1 1 0 0.425253 7.83 0 -0.031263 -0.031263 0.000804464 0 
1 1 0 0.424267 7.83 0 -0.03143 -0.03143 0.000776903 0 
1 1 0 0.423281 7.83 0 -0.0315958 -0.0315958 0.000750691 0 
1 1 0 0.422295 7.83 0 -0.0317605 -0.0317605 0.000725743 0 
1 1 0 0.421308 7.83 0 -0.0319242 -0.0319242 0.000701983 0 
1 1 0 0.420322 7.83 0 -0.0320868 -0.0320868 0.000679338 0 
1 1 0 0.419335 7.83 0 -0.0322483 -0.0322483 0.00065774 0 
1 1 0 0.418348 7.83 0 -0.0324089 -0.0324089 0.000637129 0 
1 1 0 0.41736 7.83 0 -0.0325685 -0.0325685 0.000617447 0 
1 1 0 0.416373 7.83 0 -0.0327271 -0.0327271 0.000598639 0 
1 1 0 0.415386 7.83 0 -0.0328848 -0.0328848 0.000580657 0 
1 1 0 0.414398 7.83 0 -0.0330416 -0.0330416 0.000563454 0 
1 1 0 0.41341 7.83 0 -0.0331975 -0.0331975 0.000546986 0 
1 1 0 0.412422 7.83 0 -0.0333524 -0.0333524 0.000531214 0 
1 1 0 0.411434 7.83 0 -0.0335065 -0.0335065 0.0005161 0 
1 1 0 0.410446 7.83 0 -0.0336598 -0.0336598 0.000501608 0 
1 1 0 0.409458 7.83 0 -0.0338122 -0.0338122 0.000487706 0 
1 1 0 0.408469 7.83 0 -0.0339638 -0.0339638 0.000474362 0 
1 1 0 0.407481 7.83 0 -0.0341147 -0.0341147 0.000461549 0 
1 1 0 0.406492 7.83 0 -0.0342647 -0.0342647 0.000449239 0 
1 1 0 0.405503 7.83 0 -0.0344139 -0.0344139 0.000437406 0 
1 1 0 0.404514 7.83 0 -0.0345624 -0.0345624 0.000426027 0 
1 1 0 0.403525 7.83 0 -0.0347101 -0.0347101 0.00041508 0 
1 1 0 0.402536 7.83 0 -0.0348572 -0.0348572 0.000404543 0 
1 1 0 0.401547 7.83 0 -0.0350034 -0.0350034 0.000394397 0 
1 1 0 0.400558 7.83 0 -0.035149 -0.035149 0.000384623 0 
1 1 0 0.399568 7.83 0 -0.0352939 -0.0352939 0.000375203 0 
1 1 0 0.398579 7.83 0 -0.0354381 -0.0354381 0.000366121 0 
1 1 0 0.397589 7.83 0 -0.0355816 -0.0355816 0.000357361 0 
1 1 0 0.396599 7.83 0 -0.0357245 -0.0357245 0.000348908 0 
1 1 0 0.395609 7.83 0 -0.0358667 -0.0358667 0.00034075 0 
1 1 0 0.394619 7.83 0 -0.0360083 -0.0360083 0.000332871 0 
1 1 0 0.393629 7.83 0 -0.0361492 -0.0361492 0.000325261 0 
1 1 0 0.392639 7.83 0 -0.0362895 -0.0362895 0.000317907 0 
1 1 0 0.391649 7.83 0 -0.0364292 -0.0364292 0.000310798 0 
1 1 0 0.390659 7.83 0 -0.0365683 -0.0365683 0.000303923 0 
1 1 0 0.389669 7.83 0 -0.0367068 -0.0367068 0.000297273 0 
1 1 0 0.388678 7.83 0 -0.0368447 -0.0368447 0.000290838 0 
1 1 0 0.387688 7.83 0 -0.0369821 -0.0369821 0.000284609 0 
1 1 0 0.386697 7.83 0 -0.0371189 -0.0371189 0.000278578 0 
1 1 0 0.385706 7.83 0 -0.0372551 -0.0372551 0.000272736 0 
1 1 0 0.384716 7.83 0 -0.0373908 -0.0373908 0.000267075 0 
1 1 0 0.383725 7.83 0 -0.0375259 -0.0375259 0.000261589 0 
1 1 0 0.382734 7.83 0 -0.0376605 -0.0376605 0.000256271 0 
1 1 0 0.381743 7.83 0 -0.0377946 -0.0377946 0.000251113 0 
1 1 0 0.380752 7.83 0 -0.0379281 -0.0379281 0.00024611 0 
1 1 0 0.379761 7.83 0 -0.0380611 -0.0380611 0.000241255 0 
1 1 0 0.378769 7.83 0 -0.0381937 -0.0381937 0.000236543 0 
1 1 0 0.377778 7.83 0 -0.0383257 -0.0383257 0.000231969 0 
1 1 0 0.376787 7.83 0 -0.0384572 -0.0384572 0.000227526 0 
1 1 0 0.375796 7.83 0 -0.0385883 -0.0385883 0.000223211 0 
1 1 0 0.374804 7.83 0 -0.0387188 -0.0387188 0.000219018 0 
1 1 0 0.373813 7.83 0 -0.0388489 -0.0388489 0.000214943 0 
1 1 0 0.372821 7.83 0 -0.0389786 -0.0389786 0.000210982 0 
2 1 0 0.372821 7.83 0 -0.0389786 -0.0389786 0.000210982 0 
1 1 0 0.372821 7.83 0 -0.0389786 -0.0389786 0.000210982 0 
1 1 0 0.372821 7.83 0 -0.0389786 -0.0389786 0.000210982 0 
1 1 0 0.372821 7.83 0 -0.0389786 -0.0389786 0.000210982 0 
1 1 0 0.372821 7.83 0 -0.0389786 -0.0389786 0.000210982 0 
1 1 0 0.372821 7.83 0 -0.0389786 -0.0389786 0.000210982 0 
1 1 0 0.372821 7.83 0 -0.0389786 -0.0389786 0.000210982 0 
1 1 0 0.372821 7.83 0 -0.0389786 -0.0389786 0.000210982 0 
1 1 0 0.372821 7.83 0 -0.0389786 -0.0389786 0.000210982 0 
1 1 0 0.372821 7.83 0 -0.0389786 -0.0389786 0.000210981 0 
1 1 0 0.372821 7.83 0 -0.0389786 -0.0389786 0.000210981 0 
1 1 0 0.372821 7.83 0 -0.0389786 -0.0389786 0.000210981 0 
1 1 0 0.372821 7.83 0 -0.0389786 -0.0389786 0.00021098 0 
1 1 0 0.37282 7.83 0 -0.0389787 -0.0389787 0.000210978 0 
1 1 0 0.372819 7.83 0 -0.0389788 -0.0389788 0.000210975 0 
1 1 0 0.372818 7.83 0 -0.038979 -0.038979 0.000210969 0 
1 1 0 0.372815 7.83 0 -0.0389794 -0.0389794 0.000210956 0 
1 1 0 0.372808 7.83 0 -0.0389803 -0.0389803 0.00021093 0 
1 1 0 0.372795 7.83 0 -0.038982 -0.038982 0.000210879 0 
1 1 0 0.372769 7.83 0 -0.0389854 -0.0389854 0.000210777 0 
1 1 0 0.372717 7.83 0 -0.0389921 -0.0389921 0.000210573 0 
1 1 0 0.372613 7.83 0 -0.0390057 -0.0390057 0.000210165 0 
1 1 0 0.372405 7.83 0 -0.0390328 -0.0390328 0.000209353 0 
1 1 0 0.371989 7.83 0 -0.0390869 -0.0390869 0.000207743 0 
1 1 0 0.371157 7.83 0 -0.039195 -0.039195 0.00020458 0 
1 1 0 0.370166 7.83 0 -0.0393234 -0.0393234 0.000200903 0 
1 1 0 0.369174 7.83 0 -0.0394514 -0.0394514 0.000197325 0 
1 1 0 0.368182 7.83 0 -0.0395789 -0.0395789 0.000193843 0 
1 1 0 0.36719 7.83 0 -0.039706 -0.039706 0.000190454 0 
1 1 0 0.366198 7.83 0 -0.0398326 -0.0398326 0.000187154 0 
1 1 0 0.365206 7.83 0 -0.0399588 -0.0399588 0.000183941 0 
1 1 0 0.364214 7.83 0 -0.0400846 -0.0400846 0.00018081 0 
1 1 0 0.363222 7.83 0 -0.04021 -0.04021 0.00017776 0 
1 1 0 0.36223 7.83 0 -0.040335 -0.040335 0.000174788 0 
1 1 0 0.361238 7.83 0 -0.0404596 -0.0404596 0.000171891 0 
1 1 0 0.360245 7.83 0 -0.0405837 -0.0405837 0.000169067 0 
1 1 0 0.359253 7.83 0 -0.0407075 -0.0407075 0.000166313 0 
1 1 0 0.358261 7.83 0 -0.0408309 -0.0408309 0.000163627 0 
1 1 0 0.357268 7.83 0 -0.0409539 -0.0409539 0.000161007 0 
1 1 0 0.356276 7.83 0 -0.0410765 -0.0410765 0.000158451 0 
1 1 0 0.355283 7.83 0 -0.0411987 -0.0411987 0.000155956 0 
1 1 0 0.354291 7.83 0 -0.0413206 -0.0413206 0.000153522 0 
1 1 0 0.353298 7.83 0 -0.0414421 -0.0414421 0.000151145 0 
1 1 0 0.352306 7.83 0 -0.0415632 -0.0415632 0.000148824 0 
1 1 0 0.351313 7.83 0 -0.041684 -0.041684 0.000146557 0 
1 1 0 0.35032 7.83 0 -0.0418044 -0.0418044 0.000144343 0 
1 1 0 0.349327 7.83 0 -0.0419244 -0.0419244 0.000142181 0 
1 1 0 0.348335 7.83 0 -0.0420441 -0.0420441 0.000140067 0 
1 1 0 0.347342 7.83 0 -0.0421634 -0.0421634 0.000138002 0 
1 1 0 0.346349 7.83 0 -0.0422824 -0.0422824 0.000135984 0 
1 1 0 0.345356 7.83 0 -0.0424011 -0.0424011 0.000134011 0 
1 1 0 0.344363 7.83 0 -0.0425194 -0.0425194 0.000132081 0 
1 1 0 0.34337 7.83 0 -0.0426374 -0.0426374 0.000130194 0 
1 1 0 0.342377 7.83 0 -0.0427551 -0.0427551 0.000128349 0 
1 1 0 0.341384 7.83 0 -0.0428724 -0.0428724 0.000126544 0 
1 1 0 0.340391 7.83 0 -0.0429894 -0.0429894 0.000124778 0 
1 1 0 0.339397 7.83 0 -0.0431061 -0.0431061 0.000123049 0 
1 1 0 0.338404 7.83 0 -0.0432225 -0.0432225 0.000121358 0 
1 1 0 0.337411 7.83 0 -0.0433385 -0.0433385 0.000119703 0 
1 1 0 0.336418 7.83 0 -0.0434543 -0.0434543 0.000118082 0 
1 1 0 0.335424 7.83 0 -0.0435697 -0.0435697 0.000116495 0 
1 1 0 0.334431 7.83 0 -0.0436848 -0.0436848 0.000114941 0 
1 1 0 0.333438 7.83 0 -0.0437996 -0.0437996 0.00011342 0 
1 1 0 0.332444 7.83 0 -0.0439142 -0.0439142 0.000111929 0 
1 1 0 0.331451 7.83 0 -0.0440284 -0.0440284 0.000110469 0 
1 1 0 0.330457 7.83 0 -0.0441423 -0.0441423 0.000109038 0 
1 1 0 0.329464 7.83 0 -0.044256 -0.044256 0.000107636 0 
1 1 0 0.32847 7.83 0 -0.0443693 -0.0443693 0.000106262 0 
1 1 0 0.327477 7.83 0 -0.0444824 -0.0444824 0.000104915 0 
1 1 0 0.326483 7.83 0 -0.0445952 -0.0445952 0.000103595 0 
1 1 0 0.325489 7.83 0 -0.0447077 -0.0447077 0.0001023 0 
1 1 0 0.324496 7.83 0 -0.0448199 -0.0448199 0.000101031 0 
1 1 0 0.323502 7.83 0 -0.0449318 -0.0449318 9.97862e-05 0 
1 1 0 0.322508 7.83 0 -0.0450435 -0.0450435 9.85654e-05 0 
1 1 0 0.321514 7.83 0 -0.0451549 -0.0451549 9.73678e-05 0 
1 1 0 0.320521 7.83 0 -0.045266 -0.045266 9.61929e-05 0 
1 1 0 0.319527 7.83 0 -0.0453769 -0.0453769 9.50402e-05 0 
1 1 0 0.318533 7.83 0 -0.0454875 -0.0454875 9.3909e-05 0 
1 1 0 0.317539 7.83 0 -0.0455978 -0.0455978 9.27989e-05 0 
1 1 0 0.316545 7.83 0 -0.0457079 -0.0457079 9.17094e-05 0 
1 1 0 0.315551 7.83 0 -0.0458177 -0.0458177 9.06398e-05 0 
1 1 0 0.314557 7.83 0 -0.0459273 -0.0459273 8.95898e-05 0 
1 1 0 0.313563 7.83 0 -0.0460366 -0.0460366 8.85589e-05 0 
1 1 0 0.312569 7.83 0 -0.0461456 -0.0461456 8.75466e-05 0 
1 1 0 0.311575 7.83 0 -0.0462545 -0.0462545 8.65525e-05 0 
1 1 0 0.310581 7.83 0 -0.046363 -0.046363 8.55761e-05 0 
1 1 0 0.309587 7.83 0 -0.0464713 -0.0464713 8.4617e-05 0 
1 1 0 0.308593 7.83 0 -0.0465794 -0.0465794 8.36749e-05 0 
1 1 0 0.307599 7.83 0 -0.0466872 -0.0466872 8.27492e-05 0 
1 1 0 0.306604 7.83 0 -0.0467948 -0.0467948 8.18397e-05 0 
1 1 0 0.30561 7.83 0 -0.0469022 -0.0469022 8.0946e-05 0 
1 1 0 0.304616 7.83 0 -0.0470093 -0.0470093 8.00676e-05 0 
1 1 0 0.303622 7.83 0 -0.0471162 -0.0471162 7.92043e-05 0 
1 1 0 0.302627 7.83 0 -0.0472228 -0.0472228 7.83557e-05 0 
1 1 0 0.301633 7.83 0 -0.0473292 -0.0473292 7.75215e-05 0 
1 1 0 0.300639 7.83 0 -0.0474354 -0.0474354 7.67013e-05 0 
1 1 0 0.299644 7.83 0 -0.0475414 -0.0475414 7.58948e-05 0 
1 1 0 0.29865 7.83 0 -0.0476471 -0.0476471 7.51018e-05 0 
1 1 0 0.297655 7.83 0 -0.0477526 -0.0477526 7.43219e-05 0 
1 1 0 0.296661 7.83 0 -0.0478579 -0.0478579 7.35549e-05 0 
2 1 0 0.296661 7.83 0 -0.0478579 -0.0478579 7.35549e-05 0 
1 1 0 0.296661 7.83 0 -0.0478579 -0.0478579 7.35549e-05 0 
1 1 0 0.296661 7.83 0 -0.0478579 -0.0478579 7.35549e-05 0 
1 1 0 0.296661 7.83 0 -0.0478579 -0.0478579 7.35549e-05 0 
1 1 0 0.296661 7.83 0 -0.0478579 -0.0478579 7.35549e-05 0 
1 1 0 0.296661 7.83 0 -0.0478579 -0.0478579 7.35549e-05 0 
1 1 0 0.296661 7.83 0 -0.0478579 -0.0478579 7.35549e-05 0 
1 1 0 0.296661 7.83 0 -0.0478579 -0.0478579 7.35549e-05 0 
1 1 0 0.296661 7.83 0 -0.0478579 -0.0478579 7.35549e-05 0 
1 1 0 0.296661 7.83 0 -0.0478579 -0.0478579 7.35548e-05 0 
1 1 0 0.296661 7.83 0 -0.0478579 -0.0478579 7.35548e-05 0 
1 1 0 0.296661 7.83 0 -0.0478579 -0.0478579 7.35547e-05 0 
1 1 0 0.296661 7.83 0 -0.0478579 -0.0478579 7.35546e-05 0 
1 1 0 0.29666 7.83 0 -0.047858 -0.047858 7.35543e-05 0 
1 1 0 0.296659 7.83 0 -0.0478581 -0.0478581 7.35536e-05 0 
1 1 0 0.296658 7.83 0 -0.0478582 -0.0478582 7.35524e-05 0 
1 1 0 0.296655 7.83 0 -0.0478586 -0.0478586 7.35499e-05 0 
1 1 0 0.296648 7.83 0 -0.0478593 -0.0478593 7.35449e-05 0 
1 1 0 0.296635 7.83 0 -0.0478607 -0.0478607 7.35349e-05 0 
1 1 0 0.296609 7.83 0 -0.0478634 -0.0478634 7.3515e-05 0 
1 1 0 0.296557 7.83 0 -0.0478689 -0.0478689 7.34752e-05 0 
1 1 0 0.296452 7.83 0 -0.04788 -0.04788 7.33956e-05 0 
1 1 0 0.296244 7.83 0 -0.047902 -0.047902 7.32369e-05 0 
1 1 0 0.295827 7.83 0 -0.0479461 -0.0479461 7.29211e-05 0 
1 1 0 0.294993 7.83 0 -0.0480341 -0.0480341 7.22961e-05 0 
1 1 0 0.293998 7.83 0 -0.0481388 -0.0481388 7.15621e-05 0 
1 1 0 0.293004 7.83 0 -0.0482432 -0.0482432 7.08399e-05 0 
1 1 0 0.292009 7.83 0 -0.0483475 -0.0483475 7.01293e-05 0 
1 1 0 0.291014 7.83 0 -0.0484516 -0.0484516 6.94301e-05 0 
1 1 0 0.29002 7.83 0 -0.0485554 -0.0485554 6.8742e-05 0 
1 1 0 0.289025 7.83 0 -0.0486591 -0.0486591 6.80647e-05 0 
1 1 0 0.288031 7.83 0 -0.0487625 -0.0487625 6.73981e-05 0 
1 1 0 0.287036 7.83 0 -0.0488657 -0.0488657 6.67419e-05 0 
1 1 0 0.286041 7.83 0 -0.0489687 -0.0489687 6.60959e-05 0 
1 1 0 0.285047 7.83 0 -0.0490716 -0.0490716 6.54599e-05 0 
1 1 0 0.284052 7.83 0 -0.0491742 -0.0491742 6.48337e-05 0 
1 1 0 0.283057 7.83 0 -0.0492766 -0.0492766 6.4217e-05 0 
1 1 0 0.282062 7.83 0 -0.0493788 -0.0493788 6.36098e-05 0 
1 1 0 0.281068 7.83 0 -0.0494808 -0.0494808 6.30117e-05 0 
1 1 0 0.280073 7.83 0 -0.0495826 -0.0495826 6.24227e-05 0 
1 1 0 0.279078 7.83 0 -0.0496842 -0.0496842 6.18425e-05 0 
1 1 0 0.278083 7.83 0 -0.0497857 -0.0497857 6.12709e-05 0 
1 1 0 0.277088 7.83 0 -0.0498869 -0.0498869 6.07079e-05 0 
1 1 0 0.276093 7.83 0 -0.0499879 -0.0499879 6.01531e-05 0 
1 1 0 0.275098 7.83 0 -0.0500888 -0.0500888 5.96065e-05 0 
1 1 0 0.274103 7.83 0 -0.0501895 -0.0501895 5.90679e-05 0 
1 1 0 0.273109 7.83 0 -0.0502899 -0.0502899 5.85371e-05 0 
1 1 0 0.272114 7.83 0 -0.0503902 -0.0503902 5.8014e-05 0 
1 1 0 0.271119 7.83 0 -0.0504903 -0.0504903 5.74984e-05 0 
1 1 0 0.270124 7.83 0 -0.0505902 -0.0505902 5.69902e-05 0 
1 1 0 0.269129 7.83 0 -0.05069 -0.05069 5.64893e-05 0 
1 1 0 0.268134 7.83 0 -0.0507895 -0.0507895 5.59955e-05 0 
1 1 0 0.267139 7.83 0 -0.0508889 -0.0508889 5.55086e-05 0 
1 1 0 0.266143 7.83 0 -0.0509881 -0.0509881 5.50286e-05 0 
1 1 0 0.265148 7.83 0 -0.0510871 -0.0510871 5.45553e-05 0 
1 1 0 0.264153 7.83 0 -0.051186 -0.051186 5.40886e-05 0 
1 1 0 0.263158 7.83 0 -0.0512846 -0.0512846 5.36283e-05 0 
1 1 0 0.262163 7.83 0 -0.0513831 -0.0513831 5.31744e-05 0 
1 1 0 0.261168 7.83 0 -0.0514814 -0.0514814 5.27267e-05 0 
1 1 0 0.260173 7.83 0 -0.0515796 -0.0515796 5.22852e-05 0 
1 1 0 0.259177 7.83 0 -0.0516775 -0.0516775 5.18496e-05 0 
1 1 0 0.258182 7.83 0 -0.0517753 -0.0517753 5.14199e-05 0 
1 1 0 0.257187 7.83 0 -0.051873 -0.051873 5.09961e-05 0 
1 1 0 0.256192 7.83 0 -0.0519704 -0.0519704 5.05778e-05 0 
1 1 0 0.255197 7.83 0 -0.0520677 -0.0520677 5.01652e-05 0 
1 1 0 0.254201 7.83 0 -0.0521648 -0.0521648 4.97581e-05 0 
1 1 0 0.253206 7.83 0 -0.0522618 -0.0522618 4.93563e-05 0 
1 1 0 0.252211 7.83 0 -0.0523586 -0.0523586 4.89598e-05 0 
1 1 0 0.251215 7.83 0 -0.0524552 -0.0524552 4.85685e-05 0 
1 1 0 0.25022 7.83 0 -0.0525517 -0.0525517 4.81823e-05 0 
1 1 0 0.249225 7.83 0 -0.052648 -0.052648 4.78012e-05 0 
1 1 0 0.248229 7.83 0 -0.0527442 -0.0527442 4.74249e-05 0 
1 1 0 0.247234 7.83 0 -0.0528402 -0.0528402 4.70535e-05 0 
1 1 0 0.246239 7.83 0 -0.052936 -0.052936 4.66869e-05 0 
1 1 0 0.245243 7.83 0 -0.0530317 -0.0530317 4.63249e-05 0 
1 1 0 0.244248 7.83 0 -0.0531272 -0.0531272 4.59675e-05 0 
1 1 0 0.243252 7.83 0 -0.0532225 -0.0532225 4.56146e-05 0 
1 1 0 0.242257 7.83 0 -0.0533177 -0.0533177 4.52662e-05 0 
1 1 0 0.241261 7.83 0 -0.0534128 -0.0534128 4.49221e-05 0 
1 1 0 0.240266 7.83 0 -0.0535077 -0.0535077 4.45823e-05 0 
1 1 0 0.23927 7.83 0 -0.0536024 -0.0536024 4.42468e-05 0 
1 1 0 0.238275 7.83 0 -0.053697 -0.053697 4.39153e-05 0 
1 1 0 0.237279 7.83 0 -0.0537915 -0.0537915 4.3588e-05 0 
1 1 0 0.236284 7.83 0 -0.0538858 -0.0538858 4.32647e-05 0 
1 1 0 0.235288 7.83 0 -0.0539799 -0.0539799 4.29453e-05 0 
1 1 0 0.234293 7.83 0 -0.0540739 -0.0540739 4.26298e-05 0 
1 1 0 0.233297 7.83 0 -0.0541677 -0.0541677 4.23181e-05 0 
1 1 0 0.232301 7.83 0 -0.0542614 -0.0542614 4.20102e-05 0 
1 1 0 0.231306 7.83 0 -0.054355 -0.054355 4.17059e-05 0 
1 1 0 0.23031 7.83 0 -0.0544484 -0.0544484 4.14053e-05 0 
1 1 0 0.229315 7.83 0 -0.0545417 -0.0545417 4.11083e-05 0 
1 1 0 0.228319 7.83 0 -0.0546348 -0.0546348 4.08148e-05 0 
1 1 0 0.227323 7.83 0 -0.0547278 -0.0547278 4.05247e-05 0 
1 1 0 0.226328 7.83 0 -0.0548206 -0.0548206 4.02381e-05 0 
1 1 0 0.225332 7.83 0 -0.0549133 -0.0549133 3.99548e-05 0 
1 1 0 0.224336 7.83 0 -0.0550059 -0.0550059 3.96748e-05 0 
1 1 0 0.22334 7.83 0 -0.0550983 -0.0550983 3.93981e-05 0 
1 1 0 0.222345 7.83 0 -0.0551906 -0.0551906 3.91245e-05 0 
1 1 0 0.221349 7.83 0 -0.0552827 -0.0552827 3.88541e-05 0 
1 1 0 0.220353 7.83 0 -0.0553747 -0.0553747 3.85868e-05 0 
2 1 0 0.220353 7.83 0 -0.0553747 -0.0553747 3.85868e-05 0 
1 1 0 0.220353 7.83 0 -0.0553747 -0.0553747 3.85868e-05 0 
1 1 0 0.220353 7.83 0 -0.0553747 -0.0553747 3.85868e-05 0 
1 1 0 0.220353 7.83 0 -0.0553747 -0.0553747 3.85868e-05 0 
1 1 0 0.220353 7.83 0 -0.0553747 -0.0553747 3.85868e-05 0 
1 1 0 0.220353 7.83 0 -0.0553747 -0.0553747 3.85868e-05 0 
1 1 0 0.220353 7.83 0 -0.0553747 -0.0553747 3.85868e-05 0 
1 1 0 0.220353 7.83 0 -0.0553747 -0.0553747 3.85868e-05 0 
1 1 0 0.220353 7.83 0 -0.0553747 -0.0553747 3.85868e-05 0 
1 1 0 0.220353 7.83 0 -0.0553747 -0.0553747 3.85868e-05 0 
1 1 0 0.220353 7.83 0 -0.0553747 -0.0553747 3.85868e-05 0 
1 1 0 0.220353 7.83 0 -0.0553747 -0.0553747 3.85867e-05 0 
1 1 0 0.220353 7.83 0 -0.0553747 -0.0553747 3.85867e-05 0 
1 1 0 0.220352 7.83 0 -0.0553748 -0.0553748 3.85866e-05 0 
1 1 0 0.220352 7.83 0 -0.0553749 -0.0553749 3.85864e-05 0 
1 1 0 0.22035 7.83 0 -0.055375 -0.055375 3.85859e-05 0 
1 1 0 0.220347 7.83 0 -0.0553753 -0.0553753 3.85851e-05 0 
1 1 0 0.22034 7.83 0 -0.0553759 -0.0553759 3.85833e-05 0 
1 1 0 0.220327 7.83 0 -0.0553771 -0.0553771 3.85798e-05 0 
1 1 0 0.220301 7.83 0 -0.0553795 -0.0553795 3.85729e-05 0 
1 1 0 0.220249 7.83 0 -0.0553843 -0.0553843 3.85589e-05 0 
1 1 0 0.220144 7.83 0 -0.055394 -0.055394 3.85311e-05 0 
1 1 0 0.219936 7.83 0 -0.0554133 -0.0554133 3.84756e-05 0 
1 1 0 0.219518 7.83 0 -0.0554518 -0.0554518 3.83649e-05 0 
1 1 0 0.218683 7.83 0 -0.0555288 -0.0555288 3.81452e-05 0 
1 1 0 0.217687 7.83 0 -0.0556204 -0.0556204 3.78859e-05 0 
1 1 0 0.216691 7.83 0 -0.0557119 -0.0557119 3.76296e-05 0 
1 1 0 0.215695 7.83 0 -0.0558033 -0.0558033 3.73762e-05 0 
1 1 0 0.214699 7.83 0 -0.0558945 -0.0558945 3.71256e-05 0 
1 1 0 0.213703 7.83 0 -0.0559856 -0.0559856 3.68778e-05 0 
1 1 0 0.212708 7.83 0 -0.0560766 -0.0560766 3.66327e-05 0 
1 1 0 0.211712 7.83 0 -0.0561674 -0.0561674 3.63904e-05 0 
1 1 0 0.210716 7.83 0 -0.0562581 -0.0562581 3.61507e-05 0 
1 1 0 0.20972 7.83 0 -0.0563487 -0.0563487 3.59137e-05 0 
1 1 0 0.208724 7.83 0 -0.0564392 -0.0564392 3.56793e-05 0 
1 1 0 0.207728 7.83 0 -0.0565295 -0.0565295 3.54474e-05 0 
1 1 0 0.206732 7.83 0 -0.0566197 -0.0566197 3.5218e-05 0 
1 1 0 0.205736 7.83 0 -0.0567097 -0.0567097 3.49911e-05 0 
1 1 0 0.20474 7.83 0 -0.0567997 -0.0567997 3.47667e-05 0 
1 1 0 0.203744 7.83 0 -0.0568895 -0.0568895 3.45446e-05 0 
1 1 0 0.202748 7.83 0 -0.0569792 -0.0569792 3.43249e-05 0 
1 1 0 0.201752 7.83 0 -0.0570687 -0.0570687 3.41076e-05 0 
1 1 0 0.200756 7.83 0 -0.0571582 -0.0571582 3.38926e-05 0 
1 1 0 0.19976 7.83 0 -0.0572475 -0.0572475 3.36798e-05 0 
1 1 0 0.198764 7.83 0 -0.0573367 -0.0573367 3.34693e-05 0 
1 1 0 0.197768 7.83 0 -0.0574258 -0.0574258 3.3261e-05 0 
1 1 0 0.196772 7.83 0 -0.0575147 -0.0575147 3.30548e-05 0 
1 1 0 0.195776 7.83 0 -0.0576035 -0.0576035 3.28508e-05 0 
1 1 0 0.19478 7.83 0 -0.0576922 -0.0576922 3.2649e-05 0 
1 1 0 0.193784 7.83 0 -0.0577808 -0.0577808 3.24492e-05 0 
1 1 0 0.192788 7.83 0 -0.0578693 -0.0578693 3.22514e-05 0 
1 1 0 0.191792 7.83 0 -0.0579576 -0.0579576 3.20557e-05 0 
1 1 0 0.190796 7.83 0 -0.0580458 -0.0580458 3.1862e-05 0 
1 1 0 0.1898 7.83 0 -0.058134 -0.058134 3.16702e-05 0 
1 1 0 0.188804 7.83 0 -0.0582219 -0.0582219 3.14804e-05 0 
1 1 0 0.187808 7.83 0 -0.0583098 -0.0583098 3.12925e-05 0 
1 1 0 0.186811 7.83 0 -0.0583976 -0.0583976 3.11065e-05 0 
1 1 0 0.185815 7.83 0 -0.0584852 -0.0584852 3.09224e-05 0 
1 1 0 0.184819 7.83 0 -0.0585727 -0.0585727 3.07401e-05 0 
1 1 0 0.183823 7.83 0 -0.0586602 -0.0586602 3.05596e-05 0 
1 1 0 0.182827 7.83 0 -0.0587475 -0.0587475 3.03809e-05 0 
1 1 0 0.181831 7.83 0 -0.0588346 -0.0588346 3.0204e-05 0 
1 1 0 0.180834 7.83 0 -0.0589217 -0.0589217 3.00288e-05 0 
1 1 0 0.179838 7.83 0 -0.0590087 -0.0590087 2.98554e-05 0 
1 1 0 0.178842 7.83 0 -0.0590955 -0.0590955 2.96836e-05 0 
1 1 0 0.177846 7.83 0 -0.0591823 -0.0591823 2.95135e-05 0 
1 1 0 0.176849 7.83 0 -0.0592689 -0.0592689 2.9345e-05 0 
1 1 0 0.175853 7.83 0 -0.0593554 -0.0593554 2.91782e-05 0 
1 1 0 0.174857 7.83 0 -0.0594418 -0.0594418 2.9013e-05 0 
1 1 0 0.173861 7.83 0 -0.0595281 -0.0595281 2.88494e-05 0 
1 1 0 0.172864 7.83 0 -0.0596143 -0.0596143 2.86873e-05 0 
1 1 0 0.171868 7.83 0 -0.0597003 -0.0597003 2.85268e-05 0 
1 1 0 0.170872 7.83 0 -0.0597863 -0.0597863 2.83678e-05 0 
1 1 0 0.169876 7.83 0 -0.0598722 -0.0598722 2.82103e-05 0 
1 1 0 0.168879 7.83 0 -0.0599579 -0.0599579 2.80543e-05 0 
1 1 0 0.167883 7.83 0 -0.0600436 -0.0600436 2.78998e-05 0 
1 1 0 0.166887 7.83 0 -0.0601291 -0.0601291 2.77467e-05 0 
1 1 0 0.16589 7.83 0 -0.0602145 -0.0602145 2.75951e-05 0 
1 1 0 0.164894 7.83 0 -0.0602999 -0.0602999 2.74448e-05 0 
1 1 0 0.163897 7.83 0 -0.0603851 -0.0603851 2.7296e-05 0 
1 1 0 0.162901 7.83 0 -0.0604702 -0.0604702 2.71485e-05 0 
1 1 0 0.161905 7.83 0 -0.0605552 -0.0605552 2.70024e-05 0 
1 1 0 0.160908 7.83 0 -0.0606401 -0.0606401 2.68576e-05 0 
1 1 0 0.159912 7.83 0 -0.0607249 -0.0607249 2.67142e-05 0 
1 1 0 0.158916 7.83 0 -0.0608096 -0.0608096 2.6572e-05 0 
1 1 0 0.157919 7.83 0 -0.0608942 -0.0608942 2.64312e-05 0 
1 1 0 0.156923 7.83 0 -0.0609787 -0.0609787 2.62916e-05 0 
1 1 0 0.155926 7.83 0 -0.0610631 -0.0610631 2.61533e-05 0 
1 1 0 0.15493 7.83 0 -0.0611474 -0.0611474 2.60162e-05 0 
1 1 0 0.153933 7.83 0 -0.0612316 -0.0612316 2.58804e-05 0 
1 1 0 0.152937 7.83 0 -0.0613157 -0.0613157 2.57457e-05 0 
1 1 0 0.15194 7.83 0 -0.0613997 -0.0613997 2.56123e-05 0 
1 1 0 0.150944 7.83 0 -0.0614836 -0.0614836 2.54801e-05 0 
1 1 0 0.149947 7.83 0 -0.0615674 -0.0615674 2.5349e-05 0 
1 1 0 0.148951 7.83 0 -0.0616511 -0.0616511 2.52191e-05 0 
1 1 0 0.147954 7.83 0 -0.0617347 -0.0617347 2.50903e-05 0 
1 1 0 0.146958 7.83 0 -0.0618182 -0.0618182 2.49626e-05 0 
1 1 0 0.145961 7.83 0 -0.0619016 -0.0619016 2.48361e-05 0 
1 1 0 0.144965 7.83 0 -0.0619849 -0.0619849 2.47107e-05 0 
1 1 0 0.143968 7.83 0 -0.0620682 -0.0620682 2.45863e-05 0 
2 1 0 0.143968 7.83 0 -0.0620682 -0.0620682 2.45863e-05 0 
1 1 0 0.143968 7.83 0 -0.0620682 -0.0620682 2.45863e-05 0 
1 1 0 0.143968 7.83 0 -0.0620682 -0.0620682 2.45863e-05 0 
1 1 0 0.143968 7.83 0 -0.0620682 -0.0620682 2.45863e-05 0 
1 1 0 0.143968 7.83 0 -0.0620682 -0.0620682 2.45863e-05 0 
1 1 0 0.143968 7.83 0 -0.0620682 -0.0620682 2.45863e-05 0 
1 1 0 0.143968 7.83 0 -0.0620682 -0.0620682 2.45863e-05 0 
1 1 0 0.143968 7.83 0 -0.0620682 -0.0620682 2.45863e-05 0 
1 1 0 0.143968 7.83 0 -0.0620682 -0.0620682 2.45863e-05 0 
1 1 0 0.143968 7.83 0 -0.0620682 -0.0620682 2.45863e-05 0 
1 1 0 0.143968 7.83 0 -0.0620682 -0.0620682 2.45863e-05 0 
1 1 0 0.143968 7.83 0 -0.0620682 -0.0620682 2.45863e-05 0 
1 1 0 0.143968 7.83 0 -0.0620682 -0.0620682 2.45863e-05 0 
1 1 0 0.143968 7.83 0 -0.0620682 -0.0620682 2.45862e-05 0 
1 1 0 0.143967 7.83 0 -0.0620683 -0.0620683 2.45861e-05 0 
1 1 0 0.143965 7.83 0 -0.0620684 -0.0620684 2.45859e-05 0 
1 1 0 0.143962 7.83 0 -0.0620687 -0.0620687 2.45855e-05 0 
1 1 0 0.143955 7.83 0 -0.0620692 -0.0620692 2.45847e-05 0 
1 1 0 0.143942 7.83 0 -0.0620703 -0.0620703 2.45831e-05 0 
1 1 0 0.143916 7.83 0 -0.0620725 -0.0620725 2.45798e-05 0 
1 1 0 0.143864 7.83 0 -0.0620769 -0.0620769 2.45734e-05 0 
1 1 0 0.143759 7.83 0 -0.0620856 -0.0620856 2.45604e-05 0 
1 1 0 0.14355 7.83 0 -0.062103 -0.062103 2.45345e-05 0 
1 1 0 0.143132 7.83 0 -0.0621379 -0.0621379 2.44829e-05 0 
1 1 0 0.142296 7.83 0 -0.0622075 -0.0622075 2.43801e-05 0 
1 1 0 0.1413 7.83 0 -0.0622905 -0.0622905 2.42586e-05 0 
1 1 0 0.140303 7.83 0 -0.0623734 -0.0623734 2.41382e-05 0 
1 1 0 0.139307 7.83 0 -0.0624561 -0.0624561 2.40188e-05 0 
1 1 0 0.13831 7.83 0 -0.0625388 -0.0625388 2.39004e-05 0 
1 1 0 0.137314 7.83 0 -0.0626214 -0.0626214 2.3783e-05 0 
1 1 0 0.136317 7.83 0 -0.0627039 -0.0627039 2.36666e-05 0 
1 1 0 0.13532 7.83 0 -0.0627863 -0.0627863 2.35511e-05 0 
1 1 0 0.134324 7.83 0 -0.0628685 -0.0628685 2.34367e-05 0 
1 1 0 0.133327 7.83 0 -0.0629508 -0.0629508 2.33232e-05 0 
1 1 0 0.132331 7.83 0 -0.0630329 -0.0630329 2.32107e-05 0 
1 1 0 0.131334 7.83 0 -0.0631149 -0.0631149 2.30991e-05 0 
1 1 0 0.130337 7.83 0 -0.0631968 -0.0631968 2.29884e-05 0 
1 1 0 0.129341 7.83 0 -0.0632787 -0.0632787 2.28786e-05 0 
1 1 0 0.128344 7.83 0 -0.0633604 -0.0633604 2.27698e-05 0 
1 1 0 0.127347 7.83 0 -0.0634421 -0.0634421 2.26618e-05 0 
1 1 0 0.126351 7.83 0 -0.0635236 -0.0635236 2.25547e-05 0 
1 1 0 0.125354 7.83 0 -0.0636051 -0.0636051 2.24485e-05 0 
1 1 0 0.124357 7.83 0 -0.0636865 -0.0636865 2.23432e-05 0 
1 1 0 0.123361 7.83 0 -0.0637678 -0.0637678 2.22387e-05 0 
1 1 0 0.122364 7.83 0 -0.063849 -0.063849 2.21351e-05 0 
1 1 0 0.121367 7.83 0 -0.0639301 -0.0639301 2.20323e-05 0 
1 1 0 0.120371 7.83 0 -0.0640111 -0.0640111 2.19304e-05 0 
1 1 0 0.119374 7.83 0 -0.0640921 -0.0640921 2.18292e-05 0 
1 1 0 0.118377 7.83 0 -0.064173 -0.064173 2.17289e-05 0 
1 1 0 0.11738 7.83 0 -0.0642537 -0.0642537 2.16294e-05 0 
1 1 0 0.116384 7.83 0 -0.0643344 -0.0643344 2.15306e-05 0 
1 1 0 0.115387 7.83 0 -0.064415 -0.064415 2.14327e-05 0 
1 1 0 0.11439 7.83 0 -0.0644955 -0.0644955 2.13355e-05 0 
1 1 0 0.113393 7.83 0 -0.0645759 -0.0645759 2.12391e-05 0 
1 1 0 0.112397 7.83 0 -0.0646563 -0.0646563 2.11434e-05 0 
1 1 0 0.1114 7.83 0 -0.0647365 -0.0647365 2.10485e-05 0 
1 1 0 0.110403 7.83 0 -0.0648167 -0.0648167 2.09543e-05 0 
1 1 0 0.109406 7.83 0 -0.0648968 -0.0648968 2.08609e-05 0 
1 1 0 0.108409 7.83 0 -0.0649768 -0.0649768 2.07682e-05 0 
1 1 0 0.107413 7.83 0 -0.0650567 -0.0650567 2.06762e-05 0 
1 1 0 0.106416 7.83 0 -0.0651365 -0.0651365 2.0585e-05 0 
1 1 0 0.105419 7.83 0 -0.0652163 -0.0652163 2.04944e-05 0 
1 1 0 0.104422 7.83 0 -0.065296 -0.065296 2.04045e-05 0 
1 1 0 0.103425 7.83 0 -0.0653755 -0.0653755 2.03153e-05 0 
1 1 0 0.102429 7.83 0 -0.065455 -0.065455 2.02268e-05 0 
1 1 0 0.101432 7.83 0 -0.0655345 -0.0655345 2.0139e-05 0 
1 1 0 0.100435 7.83 0 -0.0656138 -0.0656138 2.00518e-05 0 
1 1 0 0.099438 7.83 0 -0.0656931 -0.0656931 1.99653e-05 0 
1 1 0 0.0984411 7.83 0 -0.0657722 -0.0657722 1.98795e-05 0 
1 1 0 0.0974443 7.83 0 -0.0658513 -0.0658513 1.97943e-05 0 
1 1 0 0.0964474 7.83 0 -0.0659303 -0.0659303 1.97097e-05 0 
1 1 0 0.0954505 7.83 0 -0.0660093 -0.0660093 1.96257e-05 0 
1 1 0 0.0944536 7.83 0 -0.0660881 -0.0660881 1.95424e-05 0 
1 1 0 0.0934567 7.83 0 -0.0661669 -0.0661669 1.94598e-05 0 
1 1 0 0.0924598 7.83 0 -0.0662456 -0.0662456 1.93777e-05 0 
1 1 0 0.0914629 7.83 0 -0.0663242 -0.0663242 1.92962e-05 0 
1 1 0 0.090466 7.83 0 -0.0664027 -0.0664027 1.92153e-05 0 
1 1 0 0.0894691 7.83 0 -0.0664812 -0.0664812 1.91351e-05 0 
1 1 0 0.0884722 7.83 0 -0.0665596 -0.0665596 1.90554e-05 0 
1 1 0 0.0874753 7.83 0 -0.0666379 -0.0666379 1.89763e-05 0 
1 1 0 0.0864783 7.83 0 -0.0667161 -0.0667161 1.88978e-05 0 
1 1 0 0.0854814 7.83 0 -0.0667942 -0.0667942 1.88198e-05 0 
1 1 0 0.0844844 7.83 0 -0.0668723 -0.0668723 1.87424e-05 0 
1 1 0 0.0834875 7.83 0 -0.0669503 -0.0669503 1.86656e-05 0 
1 1 0 0.0824905 7.83 0 -0.0670282 -0.0670282 1.85893e-05 0 
1 1 0 0.0814936 7.83 0 -0.067106 -0.067106 1.85136e-05 0 
1 1 0 0.0804966 7.83 0 -0.0671838 -0.0671838 1.84384e-05 0 
1 1 0 0.0794996 7.83 0 -0.0672615 -0.0672615 1.83638e-05 0 
1 1 0 0.0785026 7.83 0 -0.0673391 -0.0673391 1.82897e-05 0 
1 1 0 0.0775056 7.83 0 -0.0674166 -0.0674166 1.82161e-05 0 
1 1 0 0.0765086 7.83 0 -0.0674941 -0.0674941 1.8143e-05 0 
1 1 0 0.0755116 7.83 0 -0.0675714 -0.0675714 1.80705e-05 0 
1 1 0 0.0745146 7.83 0 -0.0676487 -0.0676487 1.79985e-05 0 
1 1 0 0.0735176 7.83 0 -0.067726 -0.067726 1.79269e-05 0 
1 1 0 0.0725206 7.83 0 -0.0678031 -0.0678031 1.78559e-05 0 
1 1 0 0.0715236 7.83 0 -0.0678802 -0.0678802 1.77854e-05 0 
1 1 0 0.0705265 7.83 0 -0.0679572 -0.0679572 1.77154e-05 0 
1 1 0 0.0695295 7.83 0 -0.0680342 -0.0680342 1.76458e-05 0 
1 1 0 0.0685325 7.83 0 -0.068111 -0.068111 1.75768e-05 0 
1 1 0 0.0675354 7.83 0 -0.0681878 -0.0681878 1.75082e-05 0 
2 1 0 0.0675354 7.83 0 -0.0681878 -0.0681878 1.75082e-05 0 
1 1 0 0.0675354 7.83 0 -0.0681878 -0.0681878 1.75082e-05 0 
1 1 0 0.0675354 7.83 0 -0.0681878 -0.0681878 1.75082e-05 0 
1 1 0 0.0675354 7.83 0 -0.0681878 -0.0681878 1.75082e-05 0 
1 1 0 0.0675354 7.83 0 -0.0681878 -0.0681878 1.75082e-05 0 
1 1 0 0.0675354 7.83 0 -0.0681878 -0.0681878 1.75082e-05 0 
1 1 0 0.0675354 7.83 0 -0.0681878 -0.0681878 1.75082e-05 0 
1 1 0 0.0675354 7.83 0 -0.0681878 -0.0681878 1.75082e-05 0 
1 1 0 0.0675354 7.83 0 -0.0681878 -0.0681878 1.75082e-05 0 
1 1 0 0.0675354 7.83 0 -0.0681878 -0.0681878 1.75082e-05 0 
1 1 0 0.0675353 7.83 0 -0.0681878 -0.0681878 1.75082e-05 0 
1 1 0 0.0675352 7.83 0 -0.0681878 -0.0681878 1.75082e-05 0 
1 1 0 0.067535 7.83 0 -0.0681878 -0.0681878 1.75081e-05 0 
1 1 0 0.0675346 7.83 0 -0.0681879 -0.0681879 1.75081e-05 0 
1 1 0 0.0675338 7.83 0 -0.0681879 -0.0681879 1.75081e-05 0 
1 1 0 0.0675321 7.83 0 -0.0681881 -0.0681881 1.7508e-05 0 
1 1 0 0.0675289 7.83 0 -0.0681883 -0.0681883 1.75077e-05 0 
1 1 0 0.0675223 7.83 0 -0.0681888 -0.0681888 1.75073e-05 0 
1 1 0 0.0675093 7.83 0 -0.0681898 -0.0681898 1.75064e-05 0 
1 1 0 0.0674831 7.83 0 -0.0681918 -0.0681918 1.75046e-05 0 
1 1 0 0.0674309 7.83 0 -0.0681959 -0.0681959 1.7501e-05 0 
1 1 0 0.0673263 7.83 0 -0.0682039 -0.0682039 1.74939e-05 0 
1 1 0 0.0671172 7.83 0 -0.06822 -0.06822 1.74796e-05 0 
1 1 0 0.066699 7.83 0 -0.0682522 -0.0682522 1.7451e-05 0 
1 1 0 0.0658626 7.83 0 -0.0683165 -0.0683165 1.73942e-05 0 
1 1 0 0.0648656 7.83 0 -0.0683931 -0.0683931 1.73268e-05 0 
1 1 0 0.0638685 7.83 0 -0.0684696 -0.0684696 1.726e-05 0 
1 1 0 0.0628714 7.83 0 -0.068546 -0.068546 1.71936e-05 0 
1 1 0 0.0618743 7.83 0 -0.0686224 -0.0686224 1.71276e-05 0 
1 1 0 0.0608773 7.83 0 -0.0686987 -0.0686987 1.70621e-05 0 
1 1 0 0.0598802 7.83 0 -0.068775 -0.068775 1.69971e-05 0 
1 1 0 0.0588831 7.83 0 -0.0688511 -0.0688511 1.69324e-05 0 
1 1 0 0.057886 7.83 0 -0.0689272 -0.0689272 1.68683e-05 0 
1 1 0 0.0568889 7.83 0 -0.0690032 -0.0690032 1.68045e-05 0 
1 1 0 0.0558918 7.83 0 -0.0690792 -0.0690792 1.67412e-05 0 
1 1 0 0.0548946 7.83 0 -0.0691551 -0.0691551 1.66783e-05 0 
1 1 0 0.0538975 7.83 0 -0.0692309 -0.0692309 1.66158e-05 0 
1 1 0 0.0529004 7.83 0 -0.0693066 -0.0693066 1.65537e-05 0 
1 1 0 0.0519033 7.83 0 -0.0693823 -0.0693823 1.64921e-05 0 
1 1 0 0.0509061 7.83 0 -0.0694579 -0.0694579 1.64309e-05 0 
1 1 0 0.049909 7.83 0 -0.0695334 -0.0695334 1.637e-05 0 
1 1 0 0.0489118 7.83 0 -0.0696089 -0.0696089 1.63096e-05 0 
1 1 0 0.0479147 7.83 0 -0.0696843 -0.0696843 1.62495e-05 0 
1 1 0 0.0469175 7.83 0 -0.0697596 -0.0697596 1.61899e-05 0 
1 1 0 0.0459203 7.83 0 -0.0698349 -0.0698349 1.61306e-05 0 
1 1 0 0.0449232 7.83 0 -0.0699101 -0.0699101 1.60718e-05 0 
1 1 0 0.043926 7.83 0 -0.0699852 -0.0699852 1.60133e-05 0 
1 1 0 0.0429288 7.83 0 -0.0700602 -0.0700602 1.59552e-05 0 
1 1 0 0.0419316 7.83 0 -0.0701352 -0.0701352 1.58975e-05 0 
1 1 0 0.0409345 7.83 0 -0.0702101 -0.0702101 1.58401e-05 0 
1 1 0 0.0399373 7.83 0 -0.070285 -0.070285 1.57831e-05 0 
1 1 0 0.0389401 7.83 0 -0.0703598 -0.0703598 1.57265e-05 0 
1 1 0 0.0379429 7.83 0 -0.0704345 -0.0704345 1.56702e-05 0 
1 1 0 0.0369456 7.83 0 -0.0705092 -0.0705092 1.56143e-05 0 
1 1 0 0.0359484 7.83 0 -0.0705837 -0.0705837 1.55588e-05 0 
1 1 0 0.0349512 7.83 0 -0.0706583 -0.0706583 1.55036e-05 0 
1 1 0 0.033954 7.83 0 -0.0707327 -0.0707327 1.54488e-05 0 
1 1 0 0.0329568 7.83 0 -0.0708071 -0.0708071 1.53943e-05 0 
1 1 0 0.0319595 7.83 0 -0.0708814 -0.0708814 1.53402e-05 0 
1 1 0 0.0309623 7.83 0 -0.0709557 -0.0709557 1.52864e-05 0 
1 1 0 0.029965 7.83 0 -0.0710299 -0.0710299 1.52329e-05 0 
1 1 0 0.0289678 7.83 0 -0.071104 -0.071104 1.51798e-05 0 
1 1 0 0.0279705 7.83 0 -0.0711781 -0.0711781 1.5127e-05 0 
1 1 0 0.0269733 7.83 0 -0.0712521 -0.0712521 1.50745e-05 0 
1 1 0 0.025976 7.83 0 -0.071326 -0.071326 1.50224e-05 0 
1 1 0 0.0249787 7.83 0 -0.0713999 -0.0713999 1.49705e-05 0 
1 1 0 0.0239815 7.83 0 -0.0714737 -0.0714737 1.4919e-05 0 
1 1 0 0.0229842 7.83 0 -0.0715474 -0.0715474 1.48679e-05 0 
1 1 0 0.0219869 7.83 0 -0.0716211 -0.0716211 1.4817e-05 0 
1 1 0 0.0209896 7.83 0 -0.0716947 -0.0716947 1.47664e-05 0 
1 1 0 0.0199923 7.83 0 -0.0717683 -0.0717683 1.47162e-05 0 
1 1 0 0.018995 7.83 0 -0.0718418 -0.0718418 1.46663e-05 0 
1 1 0 0.0179977 7.83 0 -0.0719152 -0.0719152 1.46166e-05 0 
1 1 0 0.0170004 7.83 0 -0.0719886 -0.0719886 1.45673e-05 0 
1 1 0 0.0160031 7.83 0 -0.0720619 -0.0720619 1.45183e-05 0 
1 1 0 0.0150058 7.83 0 -0.0721351 -0.0721351 1.44696e-05 0 
1 1 0 0.0140085 7.83 0 -0.0722083 -0.0722083 1.44211e-05 0 
1 1 0 0.0130112 7.83 0 -0.0722814 -0.0722814 1.4373e-05 0 
1 1 0 0.0120138 7.83 0 -0.0723545 -0.0723545 1.43251e-05 0 
1 1 0 0.0110165 7.83 0 -0.0724274 -0.0724274 1.42776e-05 0 
1 1 0 0.0100192 7.83 0 -0.0725004 -0.0725004 1.42303e-05 0 
1 1 0 0.00902183 7.83 0 -0.0725732 -0.0725732 1.41833e-05 0 
1 1 0 0.00802448 7.83 0 -0.0726461 -0.0726461 1.41366e-05 0 
1 1 0 0.00702713 7.83 0 -0.0727188 -0.0727188 1.40901e-05 0 
1 1 0 0.00602978 7.83 0 -0.0727915 -0.0727915 1.4044e-05 0 
1 1 0 0.00503242 7.83 0 -0.0728641 -0.0728641 1.39981e-05 0 
1 1 0 0.00403505 7.83 0 -0.0729367 -0.0729367 1.39524e-05 0 
1 1 0 0.00303768 7.83 0 -0.0730092 -0.0730092 1.39071e-05 0 
1 1 0 0.00204031 7.83 0 -0.0730816 -0.0730816 1.3862e-05 0 
1 1 0 0.00104294 7.83 0 -0.073154 -0.073154 1.38172e-05 0 
1 1 0 4.55547e-05 7.83 0 -0.0732264 -0.0732264 1.37726e-05 0 
1 1 0 -0.000951831 7.83 0 -0.0732986 -0.0732986 1.37283e-05 0 
